2 3 4 5 6 7 8 9 1
8 9 1 2 3 4 5 6 7
5 6 7 8 9 1 2 3 4
1 2 3 4 5 6 7 8 9
7 8 9 1 2 3 4 5 6
4 5 6 7 8 9 1 2 3
9 1 2 3 4 5 6 7 8
6 7 8 9 1 2 3 4 5
3 4 5 6 7 8 9 1 2

2 3 4 5 6 7 8 9 1
8 9 1 2 3 4 5 6 7
5 6 7 8 9 1 2 3 4
1 2 3 4 5 6 7 8 9
7 8 9 1 2 3 4 5 6
4 5 6 7 8 9 1 2 3
9 1 2 3 4 5 6 7 8
3 4 5 6 7 8 9 1 2
6 7 8 9 1 2 3 4 5

2 3 4 5 6 7 8 9 1
8 9 1 2 3 4 5 6 7
5 6 7 8 9 1 2 3 4
1 2 3 4 5 6 7 8 9
7 8 9 1 2 3 4 5 6
4 5 6 7 8 9 1 2 3
6 7 8 9 1 2 3 4 5
9 1 2 3 4 5 6 7 8
3 4 5 6 7 8 9 1 2

2 3 4 5 6 7 8 9 1
8 9 1 2 3 4 5 6 7
5 6 7 8 9 1 2 3 4
1 2 3 4 5 6 7 8 9
7 8 9 1 2 3 4 5 6
4 5 6 7 8 9 1 2 3
6 7 8 9 1 2 3 4 5
3 4 5 6 7 8 9 1 2
9 1 2 3 4 5 6 7 8

2 3 4 5 6 7 8 9 1
8 9 1 2 3 4 5 6 7
5 6 7 8 9 1 2 3 4
1 2 3 4 5 6 7 8 9
7 8 9 1 2 3 4 5 6
4 5 6 7 8 9 1 2 3
3 4 5 6 7 8 9 1 2
9 1 2 3 4 5 6 7 8
6 7 8 9 1 2 3 4 5

2 3 4 5 6 7 8 9 1
8 9 1 2 3 4 5 6 7
5 6 7 8 9 1 2 3 4
1 2 3 4 5 6 7 8 9
7 8 9 1 2 3 4 5 6
4 5 6 7 8 9 1 2 3
3 4 5 6 7 8 9 1 2
6 7 8 9 1 2 3 4 5
9 1 2 3 4 5 6 7 8

2 3 4 5 6 7 8 9 1
8 9 1 2 3 4 5 6 7
5 6 7 8 9 1 2 3 4
1 2 3 4 5 6 7 8 9
4 5 6 7 8 9 1 2 3
7 8 9 1 2 3 4 5 6
6 7 8 9 1 2 3 4 5
3 4 5 6 7 8 9 1 2
0 20538916 0 0 0 20538808 0 0 20555420

2 3 4 5 6 7 8 9 1
8 9 1 2 3 4 5 6 7
5 6 7 8 9 1 2 3 4
1 2 3 4 5 6 7 8 9
4 5 6 7 8 9 1 2 3
7 8 9 1 2 3 4 5 6
6 7 8 9 1 2 3 4 5
0 20538916 0 0 0 20538808 0 0 20555420
3 4 5 6 7 8 9 1 2

2 3 4 5 6 7 8 9 1
8 9 1 2 3 4 5 6 7
5 6 7 8 9 1 2 3 4
1 2 3 4 5 6 7 8 9
4 5 6 7 8 9 1 2 3
7 8 9 1 2 3 4 5 6
3 4 5 6 7 8 9 1 2
6 7 8 9 1 2 3 4 5
0 20538916 0 0 0 20538808 0 0 20555420

2 3 4 5 6 7 8 9 1
8 9 1 2 3 4 5 6 7
5 6 7 8 9 1 2 3 4
1 2 3 4 5 6 7 8 9
4 5 6 7 8 9 1 2 3
7 8 9 1 2 3 4 5 6
3 4 5 6 7 8 9 1 2
0 20538916 0 0 0 20538808 0 0 20555420
6 7 8 9 1 2 3 4 5

2 3 4 5 6 7 8 9 1
8 9 1 2 3 4 5 6 7
5 6 7 8 9 1 2 3 4
1 2 3 4 5 6 7 8 9
4 5 6 7 8 9 1 2 3
7 8 9 1 2 3 4 5 6
0 20538916 0 0 0 20538808 0 0 20555420
6 7 8 9 1 2 3 4 5
3 4 5 6 7 8 9 1 2

2 3 4 5 6 7 8 9 1
8 9 1 2 3 4 5 6 7
5 6 7 8 9 1 2 3 4
1 2 3 4 5 6 7 8 9
4 5 6 7 8 9 1 2 3
7 8 9 1 2 3 4 5 6
0 20538916 0 0 0 20538808 0 0 20555420
3 4 5 6 7 8 9 1 2
6 7 8 9 1 2 3 4 5

2 3 4 5 6 7 8 9 1
8 9 1 2 3 4 5 6 7
5 6 7 8 9 1 2 3 4
7 8 9 1 2 3 4 5 6
1 2 3 4 5 6 7 8 9
4 5 6 7 8 9 1 2 3
6 7 8 9 1 2 3 4 5
3 4 5 6 7 8 9 1 2
0 20538916 0 0 0 20538808 0 0 20555420

2 3 4 5 6 7 8 9 1
8 9 1 2 3 4 5 6 7
5 6 7 8 9 1 2 3 4
7 8 9 1 2 3 4 5 6
1 2 3 4 5 6 7 8 9
4 5 6 7 8 9 1 2 3
6 7 8 9 1 2 3 4 5
0 20538916 0 0 0 20538808 0 0 20555420
3 4 5 6 7 8 9 1 2

2 3 4 5 6 7 8 9 1
8 9 1 2 3 4 5 6 7
5 6 7 8 9 1 2 3 4
7 8 9 1 2 3 4 5 6
1 2 3 4 5 6 7 8 9
4 5 6 7 8 9 1 2 3
3 4 5 6 7 8 9 1 2
6 7 8 9 1 2 3 4 5
0 20538916 0 0 0 20538808 0 0 20555420

2 3 4 5 6 7 8 9 1
8 9 1 2 3 4 5 6 7
5 6 7 8 9 1 2 3 4
7 8 9 1 2 3 4 5 6
1 2 3 4 5 6 7 8 9
4 5 6 7 8 9 1 2 3
3 4 5 6 7 8 9 1 2
0 20538916 0 0 0 20538808 0 0 20555420
6 7 8 9 1 2 3 4 5

2 3 4 5 6 7 8 9 1
8 9 1 2 3 4 5 6 7
5 6 7 8 9 1 2 3 4
7 8 9 1 2 3 4 5 6
1 2 3 4 5 6 7 8 9
4 5 6 7 8 9 1 2 3
0 20538916 0 0 0 20538808 0 0 20555420
6 7 8 9 1 2 3 4 5
3 4 5 6 7 8 9 1 2

2 3 4 5 6 7 8 9 1
8 9 1 2 3 4 5 6 7
5 6 7 8 9 1 2 3 4
7 8 9 1 2 3 4 5 6
1 2 3 4 5 6 7 8 9
4 5 6 7 8 9 1 2 3
0 20538916 0 0 0 20538808 0 0 20555420
3 4 5 6 7 8 9 1 2
6 7 8 9 1 2 3 4 5

2 3 4 5 6 7 8 9 1
8 9 1 2 3 4 5 6 7
5 6 7 8 9 1 2 3 4
7 8 9 1 2 3 4 5 6
4 5 6 7 8 9 1 2 3
1 2 3 4 5 6 7 8 9
6 7 8 9 1 2 3 4 5
3 4 5 6 7 8 9 1 2
0 20538916 0 0 0 20538808 0 0 20555420

2 3 4 5 6 7 8 9 1
8 9 1 2 3 4 5 6 7
5 6 7 8 9 1 2 3 4
7 8 9 1 2 3 4 5 6
4 5 6 7 8 9 1 2 3
1 2 3 4 5 6 7 8 9
6 7 8 9 1 2 3 4 5
0 20538916 0 0 0 20538808 0 0 20555420
3 4 5 6 7 8 9 1 2

2 3 4 5 6 7 8 9 1
8 9 1 2 3 4 5 6 7
5 6 7 8 9 1 2 3 4
7 8 9 1 2 3 4 5 6
4 5 6 7 8 9 1 2 3
1 2 3 4 5 6 7 8 9
3 4 5 6 7 8 9 1 2
6 7 8 9 1 2 3 4 5
0 20538916 0 0 0 20538808 0 0 20555420

2 3 4 5 6 7 8 9 1
8 9 1 2 3 4 5 6 7
5 6 7 8 9 1 2 3 4
7 8 9 1 2 3 4 5 6
4 5 6 7 8 9 1 2 3
1 2 3 4 5 6 7 8 9
3 4 5 6 7 8 9 1 2
0 20538916 0 0 0 20538808 0 0 20555420
6 7 8 9 1 2 3 4 5

2 3 4 5 6 7 8 9 1
8 9 1 2 3 4 5 6 7
5 6 7 8 9 1 2 3 4
7 8 9 1 2 3 4 5 6
4 5 6 7 8 9 1 2 3
1 2 3 4 5 6 7 8 9
0 20538916 0 0 0 20538808 0 0 20555420
6 7 8 9 1 2 3 4 5
3 4 5 6 7 8 9 1 2

2 3 4 5 6 7 8 9 1
8 9 1 2 3 4 5 6 7
5 6 7 8 9 1 2 3 4
7 8 9 1 2 3 4 5 6
4 5 6 7 8 9 1 2 3
1 2 3 4 5 6 7 8 9
0 20538916 0 0 0 20538808 0 0 20555420
3 4 5 6 7 8 9 1 2
6 7 8 9 1 2 3 4 5

2 3 4 5 6 7 8 9 1
8 9 1 2 3 4 5 6 7
5 6 7 8 9 1 2 3 4
4 5 6 7 8 9 1 2 3
1 2 3 4 5 6 7 8 9
7 8 9 1 2 3 4 5 6
6 7 8 9 1 2 3 4 5
3 4 5 6 7 8 9 1 2
0 20538916 0 0 0 20538808 0 0 20555420

2 3 4 5 6 7 8 9 1
8 9 1 2 3 4 5 6 7
5 6 7 8 9 1 2 3 4
4 5 6 7 8 9 1 2 3
1 2 3 4 5 6 7 8 9
7 8 9 1 2 3 4 5 6
6 7 8 9 1 2 3 4 5
0 20538916 0 0 0 20538808 0 0 20555420
3 4 5 6 7 8 9 1 2

2 3 4 5 6 7 8 9 1
8 9 1 2 3 4 5 6 7
5 6 7 8 9 1 2 3 4
4 5 6 7 8 9 1 2 3
1 2 3 4 5 6 7 8 9
7 8 9 1 2 3 4 5 6
3 4 5 6 7 8 9 1 2
6 7 8 9 1 2 3 4 5
0 20538916 0 0 0 20538808 0 0 20555420

2 3 4 5 6 7 8 9 1
8 9 1 2 3 4 5 6 7
5 6 7 8 9 1 2 3 4
4 5 6 7 8 9 1 2 3
1 2 3 4 5 6 7 8 9
7 8 9 1 2 3 4 5 6
3 4 5 6 7 8 9 1 2
0 20538916 0 0 0 20538808 0 0 20555420
6 7 8 9 1 2 3 4 5

2 3 4 5 6 7 8 9 1
8 9 1 2 3 4 5 6 7
5 6 7 8 9 1 2 3 4
4 5 6 7 8 9 1 2 3
1 2 3 4 5 6 7 8 9
7 8 9 1 2 3 4 5 6
0 20538916 0 0 0 20538808 0 0 20555420
6 7 8 9 1 2 3 4 5
3 4 5 6 7 8 9 1 2

2 3 4 5 6 7 8 9 1
8 9 1 2 3 4 5 6 7
5 6 7 8 9 1 2 3 4
4 5 6 7 8 9 1 2 3
1 2 3 4 5 6 7 8 9
7 8 9 1 2 3 4 5 6
0 20538916 0 0 0 20538808 0 0 20555420
3 4 5 6 7 8 9 1 2
6 7 8 9 1 2 3 4 5

2 3 4 5 6 7 8 9 1
8 9 1 2 3 4 5 6 7
5 6 7 8 9 1 2 3 4
4 5 6 7 8 9 1 2 3
7 8 9 1 2 3 4 5 6
1 2 3 4 5 6 7 8 9
6 7 8 9 1 2 3 4 5
3 4 5 6 7 8 9 1 2
0 20538916 0 0 0 20538808 0 0 20555420

2 3 4 5 6 7 8 9 1
8 9 1 2 3 4 5 6 7
5 6 7 8 9 1 2 3 4
4 5 6 7 8 9 1 2 3
7 8 9 1 2 3 4 5 6
1 2 3 4 5 6 7 8 9
6 7 8 9 1 2 3 4 5
0 20538916 0 0 0 20538808 0 0 20555420
3 4 5 6 7 8 9 1 2

2 3 4 5 6 7 8 9 1
8 9 1 2 3 4 5 6 7
5 6 7 8 9 1 2 3 4
4 5 6 7 8 9 1 2 3
7 8 9 1 2 3 4 5 6
1 2 3 4 5 6 7 8 9
3 4 5 6 7 8 9 1 2
6 7 8 9 1 2 3 4 5
0 20538916 0 0 0 20538808 0 0 20555420

2 3 4 5 6 7 8 9 1
8 9 1 2 3 4 5 6 7
5 6 7 8 9 1 2 3 4
4 5 6 7 8 9 1 2 3
7 8 9 1 2 3 4 5 6
1 2 3 4 5 6 7 8 9
3 4 5 6 7 8 9 1 2
0 20538916 0 0 0 20538808 0 0 20555420
6 7 8 9 1 2 3 4 5

2 3 4 5 6 7 8 9 1
8 9 1 2 3 4 5 6 7
5 6 7 8 9 1 2 3 4
4 5 6 7 8 9 1 2 3
7 8 9 1 2 3 4 5 6
1 2 3 4 5 6 7 8 9
0 20538916 0 0 0 20538808 0 0 20555420
6 7 8 9 1 2 3 4 5
3 4 5 6 7 8 9 1 2

2 3 4 5 6 7 8 9 1
8 9 1 2 3 4 5 6 7
5 6 7 8 9 1 2 3 4
4 5 6 7 8 9 1 2 3
7 8 9 1 2 3 4 5 6
1 2 3 4 5 6 7 8 9
0 20538916 0 0 0 20538808 0 0 20555420
3 4 5 6 7 8 9 1 2
6 7 8 9 1 2 3 4 5

2 3 4 5 6 7 9 1 8
9 1 8 2 3 4 5 6 7
5 6 7 9 1 8 2 3 4
8 2 3 4 5 6 7 9 1
7 9 1 8 2 3 4 5 6
4 5 6 7 9 1 8 2 3
1 8 2 3 4 5 6 7 9
6 7 9 1 8 2 3 4 5
3 4 5 6 7 9 1 8 2

2 3 4 5 6 7 9 1 8
9 1 8 2 3 4 5 6 7
5 6 7 9 1 8 2 3 4
8 2 3 4 5 6 7 9 1
7 9 1 8 2 3 4 5 6
4 5 6 7 9 1 8 2 3
1 8 2 3 4 5 6 7 9
3 4 5 6 7 9 1 8 2
6 7 9 1 8 2 3 4 5

2 3 4 5 6 7 9 1 8
9 1 8 2 3 4 5 6 7
5 6 7 9 1 8 2 3 4
8 2 3 4 5 6 7 9 1
7 9 1 8 2 3 4 5 6
4 5 6 7 9 1 8 2 3
6 7 9 1 8 2 3 4 5
1 8 2 3 4 5 6 7 9
3 4 5 6 7 9 1 8 2

2 3 4 5 6 7 9 1 8
9 1 8 2 3 4 5 6 7
5 6 7 9 1 8 2 3 4
8 2 3 4 5 6 7 9 1
7 9 1 8 2 3 4 5 6
4 5 6 7 9 1 8 2 3
6 7 9 1 8 2 3 4 5
3 4 5 6 7 9 1 8 2
1 8 2 3 4 5 6 7 9

2 3 4 5 6 7 9 1 8
9 1 8 2 3 4 5 6 7
5 6 7 9 1 8 2 3 4
8 2 3 4 5 6 7 9 1
7 9 1 8 2 3 4 5 6
4 5 6 7 9 1 8 2 3
3 4 5 6 7 9 1 8 2
1 8 2 3 4 5 6 7 9
6 7 9 1 8 2 3 4 5

2 3 4 5 6 7 9 1 8
9 1 8 2 3 4 5 6 7
5 6 7 9 1 8 2 3 4
8 2 3 4 5 6 7 9 1
7 9 1 8 2 3 4 5 6
4 5 6 7 9 1 8 2 3
3 4 5 6 7 9 1 8 2
6 7 9 1 8 2 3 4 5
1 8 2 3 4 5 6 7 9

2 3 4 5 6 7 9 1 8
9 1 8 2 3 4 5 6 7
5 6 7 9 1 8 2 3 4
8 2 3 4 5 6 7 9 1
4 5 6 7 9 1 8 2 3
7 9 1 8 2 3 4 5 6
6 7 9 1 8 2 3 4 5
3 4 5 6 7 9 1 8 2
0 20538916 0 0 0 20538808 0 0 20555420

2 3 4 5 6 7 9 1 8
9 1 8 2 3 4 5 6 7
5 6 7 9 1 8 2 3 4
8 2 3 4 5 6 7 9 1
4 5 6 7 9 1 8 2 3
7 9 1 8 2 3 4 5 6
6 7 9 1 8 2 3 4 5
0 20538916 0 0 0 20538808 0 0 20555420
3 4 5 6 7 9 1 8 2

2 3 4 5 6 7 9 1 8
9 1 8 2 3 4 5 6 7
5 6 7 9 1 8 2 3 4
8 2 3 4 5 6 7 9 1
4 5 6 7 9 1 8 2 3
7 9 1 8 2 3 4 5 6
3 4 5 6 7 9 1 8 2
6 7 9 1 8 2 3 4 5
0 20538916 0 0 0 20538808 0 0 20555420

2 3 4 5 6 7 9 1 8
9 1 8 2 3 4 5 6 7
5 6 7 9 1 8 2 3 4
8 2 3 4 5 6 7 9 1
4 5 6 7 9 1 8 2 3
7 9 1 8 2 3 4 5 6
3 4 5 6 7 9 1 8 2
0 20538916 0 0 0 20538808 0 0 20555420
6 7 9 1 8 2 3 4 5

2 3 4 5 6 7 9 1 8
9 1 8 2 3 4 5 6 7
5 6 7 9 1 8 2 3 4
8 2 3 4 5 6 7 9 1
4 5 6 7 9 1 8 2 3
7 9 1 8 2 3 4 5 6
0 20538916 0 0 0 20538808 0 0 20555420
6 7 9 1 8 2 3 4 5
3 4 5 6 7 9 1 8 2

2 3 4 5 6 7 9 1 8
9 1 8 2 3 4 5 6 7
5 6 7 9 1 8 2 3 4
8 2 3 4 5 6 7 9 1
4 5 6 7 9 1 8 2 3
7 9 1 8 2 3 4 5 6
0 20538916 0 0 0 20538808 0 0 20555420
3 4 5 6 7 9 1 8 2
6 7 9 1 8 2 3 4 5

2 3 4 5 6 7 9 1 8
9 1 8 2 3 4 5 6 7
5 6 7 9 1 8 2 3 4
7 9 1 8 2 3 4 5 6
8 2 3 4 5 6 7 9 1
4 5 6 7 9 1 8 2 3
6 7 9 1 8 2 3 4 5
3 4 5 6 7 9 1 8 2
0 20538916 0 0 0 20538808 0 0 20555420

2 3 4 5 6 7 9 1 8
9 1 8 2 3 4 5 6 7
5 6 7 9 1 8 2 3 4
7 9 1 8 2 3 4 5 6
8 2 3 4 5 6 7 9 1
4 5 6 7 9 1 8 2 3
6 7 9 1 8 2 3 4 5
0 20538916 0 0 0 20538808 0 0 20555420
3 4 5 6 7 9 1 8 2

2 3 4 5 6 7 9 1 8
9 1 8 2 3 4 5 6 7
5 6 7 9 1 8 2 3 4
7 9 1 8 2 3 4 5 6
8 2 3 4 5 6 7 9 1
4 5 6 7 9 1 8 2 3
3 4 5 6 7 9 1 8 2
6 7 9 1 8 2 3 4 5
0 20538916 0 0 0 20538808 0 0 20555420

2 3 4 5 6 7 9 1 8
9 1 8 2 3 4 5 6 7
5 6 7 9 1 8 2 3 4
7 9 1 8 2 3 4 5 6
8 2 3 4 5 6 7 9 1
4 5 6 7 9 1 8 2 3
3 4 5 6 7 9 1 8 2
0 20538916 0 0 0 20538808 0 0 20555420
6 7 9 1 8 2 3 4 5

2 3 4 5 6 7 9 1 8
9 1 8 2 3 4 5 6 7
5 6 7 9 1 8 2 3 4
7 9 1 8 2 3 4 5 6
8 2 3 4 5 6 7 9 1
4 5 6 7 9 1 8 2 3
0 20538916 0 0 0 20538808 0 0 20555420
6 7 9 1 8 2 3 4 5
3 4 5 6 7 9 1 8 2

2 3 4 5 6 7 9 1 8
9 1 8 2 3 4 5 6 7
5 6 7 9 1 8 2 3 4
7 9 1 8 2 3 4 5 6
8 2 3 4 5 6 7 9 1
4 5 6 7 9 1 8 2 3
0 20538916 0 0 0 20538808 0 0 20555420
3 4 5 6 7 9 1 8 2
6 7 9 1 8 2 3 4 5

2 3 4 5 6 7 9 1 8
9 1 8 2 3 4 5 6 7
5 6 7 9 1 8 2 3 4
7 9 1 8 2 3 4 5 6
4 5 6 7 9 1 8 2 3
8 2 3 4 5 6 7 9 1
6 7 9 1 8 2 3 4 5
3 4 5 6 7 9 1 8 2
0 20538916 0 0 0 20538808 0 0 20555420

2 3 4 5 6 7 9 1 8
9 1 8 2 3 4 5 6 7
5 6 7 9 1 8 2 3 4
7 9 1 8 2 3 4 5 6
4 5 6 7 9 1 8 2 3
8 2 3 4 5 6 7 9 1
6 7 9 1 8 2 3 4 5
0 20538916 0 0 0 20538808 0 0 20555420
3 4 5 6 7 9 1 8 2

2 3 4 5 6 7 9 1 8
9 1 8 2 3 4 5 6 7
5 6 7 9 1 8 2 3 4
7 9 1 8 2 3 4 5 6
4 5 6 7 9 1 8 2 3
8 2 3 4 5 6 7 9 1
3 4 5 6 7 9 1 8 2
6 7 9 1 8 2 3 4 5
0 20538916 0 0 0 20538808 0 0 20555420

2 3 4 5 6 7 9 1 8
9 1 8 2 3 4 5 6 7
5 6 7 9 1 8 2 3 4
7 9 1 8 2 3 4 5 6
4 5 6 7 9 1 8 2 3
8 2 3 4 5 6 7 9 1
3 4 5 6 7 9 1 8 2
0 20538916 0 0 0 20538808 0 0 20555420
6 7 9 1 8 2 3 4 5

2 3 4 5 6 7 9 1 8
9 1 8 2 3 4 5 6 7
5 6 7 9 1 8 2 3 4
7 9 1 8 2 3 4 5 6
4 5 6 7 9 1 8 2 3
8 2 3 4 5 6 7 9 1
0 20538916 0 0 0 20538808 0 0 20555420
6 7 9 1 8 2 3 4 5
3 4 5 6 7 9 1 8 2

2 3 4 5 6 7 9 1 8
9 1 8 2 3 4 5 6 7
5 6 7 9 1 8 2 3 4
7 9 1 8 2 3 4 5 6
4 5 6 7 9 1 8 2 3
8 2 3 4 5 6 7 9 1
0 20538916 0 0 0 20538808 0 0 20555420
3 4 5 6 7 9 1 8 2
6 7 9 1 8 2 3 4 5

2 3 4 5 6 7 9 1 8
9 1 8 2 3 4 5 6 7
5 6 7 9 1 8 2 3 4
4 5 6 7 9 1 8 2 3
8 2 3 4 5 6 7 9 1
7 9 1 8 2 3 4 5 6
6 7 9 1 8 2 3 4 5
3 4 5 6 7 9 1 8 2
0 20538916 0 0 0 20538808 0 0 20555420

2 3 4 5 6 7 9 1 8
9 1 8 2 3 4 5 6 7
5 6 7 9 1 8 2 3 4
4 5 6 7 9 1 8 2 3
8 2 3 4 5 6 7 9 1
7 9 1 8 2 3 4 5 6
6 7 9 1 8 2 3 4 5
0 20538916 0 0 0 20538808 0 0 20555420
3 4 5 6 7 9 1 8 2

2 3 4 5 6 7 9 1 8
9 1 8 2 3 4 5 6 7
5 6 7 9 1 8 2 3 4
4 5 6 7 9 1 8 2 3
8 2 3 4 5 6 7 9 1
7 9 1 8 2 3 4 5 6
3 4 5 6 7 9 1 8 2
6 7 9 1 8 2 3 4 5
0 20538916 0 0 0 20538808 0 0 20555420

2 3 4 5 6 7 9 1 8
9 1 8 2 3 4 5 6 7
5 6 7 9 1 8 2 3 4
4 5 6 7 9 1 8 2 3
8 2 3 4 5 6 7 9 1
7 9 1 8 2 3 4 5 6
3 4 5 6 7 9 1 8 2
0 20538916 0 0 0 20538808 0 0 20555420
6 7 9 1 8 2 3 4 5

2 3 4 5 6 7 9 1 8
9 1 8 2 3 4 5 6 7
5 6 7 9 1 8 2 3 4
4 5 6 7 9 1 8 2 3
8 2 3 4 5 6 7 9 1
7 9 1 8 2 3 4 5 6
0 20538916 0 0 0 20538808 0 0 20555420
6 7 9 1 8 2 3 4 5
3 4 5 6 7 9 1 8 2

2 3 4 5 6 7 9 1 8
9 1 8 2 3 4 5 6 7
5 6 7 9 1 8 2 3 4
4 5 6 7 9 1 8 2 3
8 2 3 4 5 6 7 9 1
7 9 1 8 2 3 4 5 6
0 20538916 0 0 0 20538808 0 0 20555420
3 4 5 6 7 9 1 8 2
6 7 9 1 8 2 3 4 5

2 3 4 5 6 7 9 1 8
9 1 8 2 3 4 5 6 7
5 6 7 9 1 8 2 3 4
4 5 6 7 9 1 8 2 3
7 9 1 8 2 3 4 5 6
8 2 3 4 5 6 7 9 1
6 7 9 1 8 2 3 4 5
3 4 5 6 7 9 1 8 2
0 20538916 0 0 0 20538808 0 0 20555420

2 3 4 5 6 7 9 1 8
9 1 8 2 3 4 5 6 7
5 6 7 9 1 8 2 3 4
4 5 6 7 9 1 8 2 3
7 9 1 8 2 3 4 5 6
8 2 3 4 5 6 7 9 1
6 7 9 1 8 2 3 4 5
0 20538916 0 0 0 20538808 0 0 20555420
3 4 5 6 7 9 1 8 2

2 3 4 5 6 7 9 1 8
9 1 8 2 3 4 5 6 7
5 6 7 9 1 8 2 3 4
4 5 6 7 9 1 8 2 3
7 9 1 8 2 3 4 5 6
8 2 3 4 5 6 7 9 1
3 4 5 6 7 9 1 8 2
6 7 9 1 8 2 3 4 5
0 20538916 0 0 0 20538808 0 0 20555420

2 3 4 5 6 7 9 1 8
9 1 8 2 3 4 5 6 7
5 6 7 9 1 8 2 3 4
4 5 6 7 9 1 8 2 3
7 9 1 8 2 3 4 5 6
8 2 3 4 5 6 7 9 1
3 4 5 6 7 9 1 8 2
0 20538916 0 0 0 20538808 0 0 20555420
6 7 9 1 8 2 3 4 5

2 3 4 5 6 7 9 1 8
9 1 8 2 3 4 5 6 7
5 6 7 9 1 8 2 3 4
4 5 6 7 9 1 8 2 3
7 9 1 8 2 3 4 5 6
8 2 3 4 5 6 7 9 1
0 20538916 0 0 0 20538808 0 0 20555420
6 7 9 1 8 2 3 4 5
3 4 5 6 7 9 1 8 2

2 3 4 5 6 7 9 1 8
9 1 8 2 3 4 5 6 7
5 6 7 9 1 8 2 3 4
4 5 6 7 9 1 8 2 3
7 9 1 8 2 3 4 5 6
8 2 3 4 5 6 7 9 1
0 20538916 0 0 0 20538808 0 0 20555420
3 4 5 6 7 9 1 8 2
6 7 9 1 8 2 3 4 5

2 3 4 5 6 7 9 8 1
9 8 1 2 3 4 5 6 7
5 6 7 9 8 1 2 3 4
1 2 3 4 5 6 7 9 8
7 9 8 1 2 3 4 5 6
4 5 6 7 9 8 1 2 3
8 1 2 3 4 5 6 7 9
6 7 9 8 1 2 3 4 5
3 4 5 6 7 9 8 1 2

2 3 4 5 6 7 9 8 1
9 8 1 2 3 4 5 6 7
5 6 7 9 8 1 2 3 4
1 2 3 4 5 6 7 9 8
7 9 8 1 2 3 4 5 6
4 5 6 7 9 8 1 2 3
8 1 2 3 4 5 6 7 9
3 4 5 6 7 9 8 1 2
6 7 9 8 1 2 3 4 5

2 3 4 5 6 7 9 8 1
9 8 1 2 3 4 5 6 7
5 6 7 9 8 1 2 3 4
1 2 3 4 5 6 7 9 8
7 9 8 1 2 3 4 5 6
4 5 6 7 9 8 1 2 3
6 7 9 8 1 2 3 4 5
8 1 2 3 4 5 6 7 9
3 4 5 6 7 9 8 1 2

2 3 4 5 6 7 9 8 1
9 8 1 2 3 4 5 6 7
5 6 7 9 8 1 2 3 4
1 2 3 4 5 6 7 9 8
7 9 8 1 2 3 4 5 6
4 5 6 7 9 8 1 2 3
6 7 9 8 1 2 3 4 5
3 4 5 6 7 9 8 1 2
8 1 2 3 4 5 6 7 9

2 3 4 5 6 7 9 8 1
9 8 1 2 3 4 5 6 7
5 6 7 9 8 1 2 3 4
1 2 3 4 5 6 7 9 8
7 9 8 1 2 3 4 5 6
4 5 6 7 9 8 1 2 3
3 4 5 6 7 9 8 1 2
8 1 2 3 4 5 6 7 9
6 7 9 8 1 2 3 4 5

2 3 4 5 6 7 9 8 1
9 8 1 2 3 4 5 6 7
5 6 7 9 8 1 2 3 4
1 2 3 4 5 6 7 9 8
7 9 8 1 2 3 4 5 6
4 5 6 7 9 8 1 2 3
3 4 5 6 7 9 8 1 2
6 7 9 8 1 2 3 4 5
8 1 2 3 4 5 6 7 9

2 3 4 5 6 7 9 8 1
9 8 1 2 3 4 5 6 7
5 6 7 9 8 1 2 3 4
1 2 3 4 5 6 7 9 8
4 5 6 7 9 8 1 2 3
7 9 8 1 2 3 4 5 6
6 7 9 8 1 2 3 4 5
3 4 5 6 7 9 8 1 2
0 20538916 0 0 0 20538808 0 0 20555420

2 3 4 5 6 7 9 8 1
9 8 1 2 3 4 5 6 7
5 6 7 9 8 1 2 3 4
1 2 3 4 5 6 7 9 8
4 5 6 7 9 8 1 2 3
7 9 8 1 2 3 4 5 6
6 7 9 8 1 2 3 4 5
0 20538916 0 0 0 20538808 0 0 20555420
3 4 5 6 7 9 8 1 2

2 3 4 5 6 7 9 8 1
9 8 1 2 3 4 5 6 7
5 6 7 9 8 1 2 3 4
1 2 3 4 5 6 7 9 8
4 5 6 7 9 8 1 2 3
7 9 8 1 2 3 4 5 6
3 4 5 6 7 9 8 1 2
6 7 9 8 1 2 3 4 5
0 20538916 0 0 0 20538808 0 0 20555420

2 3 4 5 6 7 9 8 1
9 8 1 2 3 4 5 6 7
5 6 7 9 8 1 2 3 4
1 2 3 4 5 6 7 9 8
4 5 6 7 9 8 1 2 3
7 9 8 1 2 3 4 5 6
3 4 5 6 7 9 8 1 2
0 20538916 0 0 0 20538808 0 0 20555420
6 7 9 8 1 2 3 4 5

2 3 4 5 6 7 9 8 1
9 8 1 2 3 4 5 6 7
5 6 7 9 8 1 2 3 4
1 2 3 4 5 6 7 9 8
4 5 6 7 9 8 1 2 3
7 9 8 1 2 3 4 5 6
0 20538916 0 0 0 20538808 0 0 20555420
6 7 9 8 1 2 3 4 5
3 4 5 6 7 9 8 1 2

2 3 4 5 6 7 9 8 1
9 8 1 2 3 4 5 6 7
5 6 7 9 8 1 2 3 4
1 2 3 4 5 6 7 9 8
4 5 6 7 9 8 1 2 3
7 9 8 1 2 3 4 5 6
0 20538916 0 0 0 20538808 0 0 20555420
3 4 5 6 7 9 8 1 2
6 7 9 8 1 2 3 4 5

2 3 4 5 6 7 9 8 1
9 8 1 2 3 4 5 6 7
5 6 7 9 8 1 2 3 4
7 9 8 1 2 3 4 5 6
1 2 3 4 5 6 7 9 8
4 5 6 7 9 8 1 2 3
6 7 9 8 1 2 3 4 5
3 4 5 6 7 9 8 1 2
0 20538916 0 0 0 20538808 0 0 20555420

2 3 4 5 6 7 9 8 1
9 8 1 2 3 4 5 6 7
5 6 7 9 8 1 2 3 4
7 9 8 1 2 3 4 5 6
1 2 3 4 5 6 7 9 8
4 5 6 7 9 8 1 2 3
6 7 9 8 1 2 3 4 5
0 20538916 0 0 0 20538808 0 0 20555420
3 4 5 6 7 9 8 1 2

2 3 4 5 6 7 9 8 1
9 8 1 2 3 4 5 6 7
5 6 7 9 8 1 2 3 4
7 9 8 1 2 3 4 5 6
1 2 3 4 5 6 7 9 8
4 5 6 7 9 8 1 2 3
3 4 5 6 7 9 8 1 2
6 7 9 8 1 2 3 4 5
0 20538916 0 0 0 20538808 0 0 20555420

2 3 4 5 6 7 9 8 1
9 8 1 2 3 4 5 6 7
5 6 7 9 8 1 2 3 4
7 9 8 1 2 3 4 5 6
1 2 3 4 5 6 7 9 8
4 5 6 7 9 8 1 2 3
3 4 5 6 7 9 8 1 2
0 20538916 0 0 0 20538808 0 0 20555420
6 7 9 8 1 2 3 4 5

2 3 4 5 6 7 9 8 1
9 8 1 2 3 4 5 6 7
5 6 7 9 8 1 2 3 4
7 9 8 1 2 3 4 5 6
1 2 3 4 5 6 7 9 8
4 5 6 7 9 8 1 2 3
0 20538916 0 0 0 20538808 0 0 20555420
6 7 9 8 1 2 3 4 5
3 4 5 6 7 9 8 1 2

2 3 4 5 6 7 9 8 1
9 8 1 2 3 4 5 6 7
5 6 7 9 8 1 2 3 4
7 9 8 1 2 3 4 5 6
1 2 3 4 5 6 7 9 8
4 5 6 7 9 8 1 2 3
0 20538916 0 0 0 20538808 0 0 20555420
3 4 5 6 7 9 8 1 2
6 7 9 8 1 2 3 4 5

2 3 4 5 6 7 9 8 1
9 8 1 2 3 4 5 6 7
5 6 7 9 8 1 2 3 4
7 9 8 1 2 3 4 5 6
4 5 6 7 9 8 1 2 3
1 2 3 4 5 6 7 9 8
6 7 9 8 1 2 3 4 5
3 4 5 6 7 9 8 1 2
0 20538916 0 0 0 20538808 0 0 20555420

2 3 4 5 6 7 9 8 1
9 8 1 2 3 4 5 6 7
5 6 7 9 8 1 2 3 4
7 9 8 1 2 3 4 5 6
4 5 6 7 9 8 1 2 3
1 2 3 4 5 6 7 9 8
6 7 9 8 1 2 3 4 5
0 20538916 0 0 0 20538808 0 0 20555420
3 4 5 6 7 9 8 1 2

2 3 4 5 6 7 9 8 1
9 8 1 2 3 4 5 6 7
5 6 7 9 8 1 2 3 4
7 9 8 1 2 3 4 5 6
4 5 6 7 9 8 1 2 3
1 2 3 4 5 6 7 9 8
3 4 5 6 7 9 8 1 2
6 7 9 8 1 2 3 4 5
0 20538916 0 0 0 20538808 0 0 20555420

2 3 4 5 6 7 9 8 1
9 8 1 2 3 4 5 6 7
5 6 7 9 8 1 2 3 4
7 9 8 1 2 3 4 5 6
4 5 6 7 9 8 1 2 3
1 2 3 4 5 6 7 9 8
3 4 5 6 7 9 8 1 2
0 20538916 0 0 0 20538808 0 0 20555420
6 7 9 8 1 2 3 4 5

2 3 4 5 6 7 9 8 1
9 8 1 2 3 4 5 6 7
5 6 7 9 8 1 2 3 4
7 9 8 1 2 3 4 5 6
4 5 6 7 9 8 1 2 3
1 2 3 4 5 6 7 9 8
0 20538916 0 0 0 20538808 0 0 20555420
6 7 9 8 1 2 3 4 5
3 4 5 6 7 9 8 1 2

2 3 4 5 6 7 9 8 1
9 8 1 2 3 4 5 6 7
5 6 7 9 8 1 2 3 4
7 9 8 1 2 3 4 5 6
4 5 6 7 9 8 1 2 3
1 2 3 4 5 6 7 9 8
0 20538916 0 0 0 20538808 0 0 20555420
3 4 5 6 7 9 8 1 2
6 7 9 8 1 2 3 4 5

2 3 4 5 6 7 9 8 1
9 8 1 2 3 4 5 6 7
5 6 7 9 8 1 2 3 4
4 5 6 7 9 8 1 2 3
1 2 3 4 5 6 7 9 8
7 9 8 1 2 3 4 5 6
6 7 9 8 1 2 3 4 5
3 4 5 6 7 9 8 1 2
0 20538916 0 0 0 20538808 0 0 20555420

2 3 4 5 6 7 9 8 1
9 8 1 2 3 4 5 6 7
5 6 7 9 8 1 2 3 4
4 5 6 7 9 8 1 2 3
1 2 3 4 5 6 7 9 8
7 9 8 1 2 3 4 5 6
6 7 9 8 1 2 3 4 5
0 20538916 0 0 0 20538808 0 0 20555420
3 4 5 6 7 9 8 1 2

2 3 4 5 6 7 9 8 1
9 8 1 2 3 4 5 6 7
5 6 7 9 8 1 2 3 4
4 5 6 7 9 8 1 2 3
1 2 3 4 5 6 7 9 8
7 9 8 1 2 3 4 5 6
3 4 5 6 7 9 8 1 2
6 7 9 8 1 2 3 4 5
0 20538916 0 0 0 20538808 0 0 20555420

2 3 4 5 6 7 9 8 1
9 8 1 2 3 4 5 6 7
5 6 7 9 8 1 2 3 4
4 5 6 7 9 8 1 2 3
1 2 3 4 5 6 7 9 8
7 9 8 1 2 3 4 5 6
3 4 5 6 7 9 8 1 2
0 20538916 0 0 0 20538808 0 0 20555420
6 7 9 8 1 2 3 4 5

2 3 4 5 6 7 9 8 1
9 8 1 2 3 4 5 6 7
5 6 7 9 8 1 2 3 4
4 5 6 7 9 8 1 2 3
1 2 3 4 5 6 7 9 8
7 9 8 1 2 3 4 5 6
0 20538916 0 0 0 20538808 0 0 20555420
6 7 9 8 1 2 3 4 5
3 4 5 6 7 9 8 1 2

2 3 4 5 6 7 9 8 1
9 8 1 2 3 4 5 6 7
5 6 7 9 8 1 2 3 4
4 5 6 7 9 8 1 2 3
1 2 3 4 5 6 7 9 8
7 9 8 1 2 3 4 5 6
0 20538916 0 0 0 20538808 0 0 20555420
3 4 5 6 7 9 8 1 2
6 7 9 8 1 2 3 4 5

2 3 4 5 6 7 9 8 1
9 8 1 2 3 4 5 6 7
5 6 7 9 8 1 2 3 4
4 5 6 7 9 8 1 2 3
7 9 8 1 2 3 4 5 6
1 2 3 4 5 6 7 9 8
6 7 9 8 1 2 3 4 5
3 4 5 6 7 9 8 1 2
0 20538916 0 0 0 20538808 0 0 20555420

2 3 4 5 6 7 9 8 1
9 8 1 2 3 4 5 6 7
5 6 7 9 8 1 2 3 4
4 5 6 7 9 8 1 2 3
7 9 8 1 2 3 4 5 6
1 2 3 4 5 6 7 9 8
6 7 9 8 1 2 3 4 5
0 20538916 0 0 0 20538808 0 0 20555420
3 4 5 6 7 9 8 1 2

2 3 4 5 6 7 9 8 1
9 8 1 2 3 4 5 6 7
5 6 7 9 8 1 2 3 4
4 5 6 7 9 8 1 2 3
7 9 8 1 2 3 4 5 6
1 2 3 4 5 6 7 9 8
3 4 5 6 7 9 8 1 2
6 7 9 8 1 2 3 4 5
0 20538916 0 0 0 20538808 0 0 20555420

2 3 4 5 6 7 9 8 1
9 8 1 2 3 4 5 6 7
5 6 7 9 8 1 2 3 4
4 5 6 7 9 8 1 2 3
7 9 8 1 2 3 4 5 6
1 2 3 4 5 6 7 9 8
3 4 5 6 7 9 8 1 2
0 20538916 0 0 0 20538808 0 0 20555420
6 7 9 8 1 2 3 4 5

2 3 4 5 6 7 9 8 1
9 8 1 2 3 4 5 6 7
5 6 7 9 8 1 2 3 4
4 5 6 7 9 8 1 2 3
7 9 8 1 2 3 4 5 6
1 2 3 4 5 6 7 9 8
0 20538916 0 0 0 20538808 0 0 20555420
6 7 9 8 1 2 3 4 5
3 4 5 6 7 9 8 1 2

2 3 4 5 6 7 9 8 1
9 8 1 2 3 4 5 6 7
5 6 7 9 8 1 2 3 4
4 5 6 7 9 8 1 2 3
7 9 8 1 2 3 4 5 6
1 2 3 4 5 6 7 9 8
0 20538916 0 0 0 20538808 0 0 20555420
3 4 5 6 7 9 8 1 2
6 7 9 8 1 2 3 4 5

2 3 4 5 6 8 1 7 9
1 7 9 2 3 4 5 6 8
5 6 8 1 7 9 2 3 4
9 2 3 4 5 6 8 1 7
8 1 7 9 2 3 4 5 6
4 5 6 8 1 7 9 2 3
7 9 2 3 4 5 6 8 1
6 8 1 7 9 2 3 4 5
3 4 5 6 8 1 7 9 2

2 3 4 5 6 8 1 7 9
1 7 9 2 3 4 5 6 8
5 6 8 1 7 9 2 3 4
9 2 3 4 5 6 8 1 7
8 1 7 9 2 3 4 5 6
4 5 6 8 1 7 9 2 3
7 9 2 3 4 5 6 8 1
3 4 5 6 8 1 7 9 2
6 8 1 7 9 2 3 4 5

2 3 4 5 6 8 1 7 9
1 7 9 2 3 4 5 6 8
5 6 8 1 7 9 2 3 4
9 2 3 4 5 6 8 1 7
8 1 7 9 2 3 4 5 6
4 5 6 8 1 7 9 2 3
6 8 1 7 9 2 3 4 5
7 9 2 3 4 5 6 8 1
3 4 5 6 8 1 7 9 2

2 3 4 5 6 8 1 7 9
1 7 9 2 3 4 5 6 8
5 6 8 1 7 9 2 3 4
9 2 3 4 5 6 8 1 7
8 1 7 9 2 3 4 5 6
4 5 6 8 1 7 9 2 3
6 8 1 7 9 2 3 4 5
3 4 5 6 8 1 7 9 2
7 9 2 3 4 5 6 8 1

2 3 4 5 6 8 1 7 9
1 7 9 2 3 4 5 6 8
5 6 8 1 7 9 2 3 4
9 2 3 4 5 6 8 1 7
8 1 7 9 2 3 4 5 6
4 5 6 8 1 7 9 2 3
3 4 5 6 8 1 7 9 2
7 9 2 3 4 5 6 8 1
6 8 1 7 9 2 3 4 5

2 3 4 5 6 8 1 7 9
1 7 9 2 3 4 5 6 8
5 6 8 1 7 9 2 3 4
9 2 3 4 5 6 8 1 7
8 1 7 9 2 3 4 5 6
4 5 6 8 1 7 9 2 3
3 4 5 6 8 1 7 9 2
6 8 1 7 9 2 3 4 5
7 9 2 3 4 5 6 8 1

2 3 4 5 6 8 1 7 9
1 7 9 2 3 4 5 6 8
5 6 8 1 7 9 2 3 4
9 2 3 4 5 6 8 1 7
4 5 6 8 1 7 9 2 3
8 1 7 9 2 3 4 5 6
6 8 1 7 9 2 3 4 5
3 4 5 6 8 1 7 9 2
0 20538916 0 0 0 20538808 0 0 20555420

2 3 4 5 6 8 1 7 9
1 7 9 2 3 4 5 6 8
5 6 8 1 7 9 2 3 4
9 2 3 4 5 6 8 1 7
4 5 6 8 1 7 9 2 3
8 1 7 9 2 3 4 5 6
6 8 1 7 9 2 3 4 5
0 20538916 0 0 0 20538808 0 0 20555420
3 4 5 6 8 1 7 9 2

2 3 4 5 6 8 1 7 9
1 7 9 2 3 4 5 6 8
5 6 8 1 7 9 2 3 4
9 2 3 4 5 6 8 1 7
4 5 6 8 1 7 9 2 3
8 1 7 9 2 3 4 5 6
3 4 5 6 8 1 7 9 2
6 8 1 7 9 2 3 4 5
0 20538916 0 0 0 20538808 0 0 20555420

2 3 4 5 6 8 1 7 9
1 7 9 2 3 4 5 6 8
5 6 8 1 7 9 2 3 4
9 2 3 4 5 6 8 1 7
4 5 6 8 1 7 9 2 3
8 1 7 9 2 3 4 5 6
3 4 5 6 8 1 7 9 2
0 20538916 0 0 0 20538808 0 0 20555420
6 8 1 7 9 2 3 4 5

2 3 4 5 6 8 1 7 9
1 7 9 2 3 4 5 6 8
5 6 8 1 7 9 2 3 4
9 2 3 4 5 6 8 1 7
4 5 6 8 1 7 9 2 3
8 1 7 9 2 3 4 5 6
0 20538916 0 0 0 20538808 0 0 20555420
6 8 1 7 9 2 3 4 5
3 4 5 6 8 1 7 9 2

2 3 4 5 6 8 1 7 9
1 7 9 2 3 4 5 6 8
5 6 8 1 7 9 2 3 4
9 2 3 4 5 6 8 1 7
4 5 6 8 1 7 9 2 3
8 1 7 9 2 3 4 5 6
0 20538916 0 0 0 20538808 0 0 20555420
3 4 5 6 8 1 7 9 2
6 8 1 7 9 2 3 4 5

2 3 4 5 6 8 1 7 9
1 7 9 2 3 4 5 6 8
5 6 8 1 7 9 2 3 4
8 1 7 9 2 3 4 5 6
9 2 3 4 5 6 8 1 7
4 5 6 8 1 7 9 2 3
6 8 1 7 9 2 3 4 5
3 4 5 6 8 1 7 9 2
0 20538916 0 0 0 20538808 0 0 20555420

2 3 4 5 6 8 1 7 9
1 7 9 2 3 4 5 6 8
5 6 8 1 7 9 2 3 4
8 1 7 9 2 3 4 5 6
9 2 3 4 5 6 8 1 7
4 5 6 8 1 7 9 2 3
6 8 1 7 9 2 3 4 5
0 20538916 0 0 0 20538808 0 0 20555420
3 4 5 6 8 1 7 9 2

2 3 4 5 6 8 1 7 9
1 7 9 2 3 4 5 6 8
5 6 8 1 7 9 2 3 4
8 1 7 9 2 3 4 5 6
9 2 3 4 5 6 8 1 7
4 5 6 8 1 7 9 2 3
3 4 5 6 8 1 7 9 2
6 8 1 7 9 2 3 4 5
0 20538916 0 0 0 20538808 0 0 20555420

2 3 4 5 6 8 1 7 9
1 7 9 2 3 4 5 6 8
5 6 8 1 7 9 2 3 4
8 1 7 9 2 3 4 5 6
9 2 3 4 5 6 8 1 7
4 5 6 8 1 7 9 2 3
3 4 5 6 8 1 7 9 2
0 20538916 0 0 0 20538808 0 0 20555420
6 8 1 7 9 2 3 4 5

2 3 4 5 6 8 1 7 9
1 7 9 2 3 4 5 6 8
5 6 8 1 7 9 2 3 4
8 1 7 9 2 3 4 5 6
9 2 3 4 5 6 8 1 7
4 5 6 8 1 7 9 2 3
0 20538916 0 0 0 20538808 0 0 20555420
6 8 1 7 9 2 3 4 5
3 4 5 6 8 1 7 9 2

2 3 4 5 6 8 1 7 9
1 7 9 2 3 4 5 6 8
5 6 8 1 7 9 2 3 4
8 1 7 9 2 3 4 5 6
9 2 3 4 5 6 8 1 7
4 5 6 8 1 7 9 2 3
0 20538916 0 0 0 20538808 0 0 20555420
3 4 5 6 8 1 7 9 2
6 8 1 7 9 2 3 4 5

2 3 4 5 6 8 1 7 9
1 7 9 2 3 4 5 6 8
5 6 8 1 7 9 2 3 4
8 1 7 9 2 3 4 5 6
4 5 6 8 1 7 9 2 3
9 2 3 4 5 6 8 1 7
6 8 1 7 9 2 3 4 5
3 4 5 6 8 1 7 9 2
0 20538916 0 0 0 20538808 0 0 20555420

2 3 4 5 6 8 1 7 9
1 7 9 2 3 4 5 6 8
5 6 8 1 7 9 2 3 4
8 1 7 9 2 3 4 5 6
4 5 6 8 1 7 9 2 3
9 2 3 4 5 6 8 1 7
6 8 1 7 9 2 3 4 5
0 20538916 0 0 0 20538808 0 0 20555420
3 4 5 6 8 1 7 9 2

2 3 4 5 6 8 1 7 9
1 7 9 2 3 4 5 6 8
5 6 8 1 7 9 2 3 4
8 1 7 9 2 3 4 5 6
4 5 6 8 1 7 9 2 3
9 2 3 4 5 6 8 1 7
3 4 5 6 8 1 7 9 2
6 8 1 7 9 2 3 4 5
0 20538916 0 0 0 20538808 0 0 20555420

2 3 4 5 6 8 1 7 9
1 7 9 2 3 4 5 6 8
5 6 8 1 7 9 2 3 4
8 1 7 9 2 3 4 5 6
4 5 6 8 1 7 9 2 3
9 2 3 4 5 6 8 1 7
3 4 5 6 8 1 7 9 2
0 20538916 0 0 0 20538808 0 0 20555420
6 8 1 7 9 2 3 4 5

2 3 4 5 6 8 1 7 9
1 7 9 2 3 4 5 6 8
5 6 8 1 7 9 2 3 4
8 1 7 9 2 3 4 5 6
4 5 6 8 1 7 9 2 3
9 2 3 4 5 6 8 1 7
0 20538916 0 0 0 20538808 0 0 20555420
6 8 1 7 9 2 3 4 5
3 4 5 6 8 1 7 9 2

2 3 4 5 6 8 1 7 9
1 7 9 2 3 4 5 6 8
5 6 8 1 7 9 2 3 4
8 1 7 9 2 3 4 5 6
4 5 6 8 1 7 9 2 3
9 2 3 4 5 6 8 1 7
0 20538916 0 0 0 20538808 0 0 20555420
3 4 5 6 8 1 7 9 2
6 8 1 7 9 2 3 4 5

2 3 4 5 6 8 1 7 9
1 7 9 2 3 4 5 6 8
5 6 8 1 7 9 2 3 4
4 5 6 8 1 7 9 2 3
9 2 3 4 5 6 8 1 7
8 1 7 9 2 3 4 5 6
6 8 1 7 9 2 3 4 5
3 4 5 6 8 1 7 9 2
0 20538916 0 0 0 20538808 0 0 20555420

2 3 4 5 6 8 1 7 9
1 7 9 2 3 4 5 6 8
5 6 8 1 7 9 2 3 4
4 5 6 8 1 7 9 2 3
9 2 3 4 5 6 8 1 7
8 1 7 9 2 3 4 5 6
6 8 1 7 9 2 3 4 5
0 20538916 0 0 0 20538808 0 0 20555420
3 4 5 6 8 1 7 9 2

2 3 4 5 6 8 1 7 9
1 7 9 2 3 4 5 6 8
5 6 8 1 7 9 2 3 4
4 5 6 8 1 7 9 2 3
9 2 3 4 5 6 8 1 7
8 1 7 9 2 3 4 5 6
3 4 5 6 8 1 7 9 2
6 8 1 7 9 2 3 4 5
0 20538916 0 0 0 20538808 0 0 20555420

2 3 4 5 6 8 1 7 9
1 7 9 2 3 4 5 6 8
5 6 8 1 7 9 2 3 4
4 5 6 8 1 7 9 2 3
9 2 3 4 5 6 8 1 7
8 1 7 9 2 3 4 5 6
3 4 5 6 8 1 7 9 2
0 20538916 0 0 0 20538808 0 0 20555420
6 8 1 7 9 2 3 4 5

2 3 4 5 6 8 1 7 9
1 7 9 2 3 4 5 6 8
5 6 8 1 7 9 2 3 4
4 5 6 8 1 7 9 2 3
9 2 3 4 5 6 8 1 7
8 1 7 9 2 3 4 5 6
0 20538916 0 0 0 20538808 0 0 20555420
6 8 1 7 9 2 3 4 5
3 4 5 6 8 1 7 9 2

2 3 4 5 6 8 1 7 9
1 7 9 2 3 4 5 6 8
5 6 8 1 7 9 2 3 4
4 5 6 8 1 7 9 2 3
9 2 3 4 5 6 8 1 7
8 1 7 9 2 3 4 5 6
0 20538916 0 0 0 20538808 0 0 20555420
3 4 5 6 8 1 7 9 2
6 8 1 7 9 2 3 4 5

2 3 4 5 6 8 1 7 9
1 7 9 2 3 4 5 6 8
5 6 8 1 7 9 2 3 4
4 5 6 8 1 7 9 2 3
8 1 7 9 2 3 4 5 6
9 2 3 4 5 6 8 1 7
6 8 1 7 9 2 3 4 5
3 4 5 6 8 1 7 9 2
0 20538916 0 0 0 20538808 0 0 20555420

2 3 4 5 6 8 1 7 9
1 7 9 2 3 4 5 6 8
5 6 8 1 7 9 2 3 4
4 5 6 8 1 7 9 2 3
8 1 7 9 2 3 4 5 6
9 2 3 4 5 6 8 1 7
6 8 1 7 9 2 3 4 5
0 20538916 0 0 0 20538808 0 0 20555420
3 4 5 6 8 1 7 9 2

2 3 4 5 6 8 1 7 9
1 7 9 2 3 4 5 6 8
5 6 8 1 7 9 2 3 4
4 5 6 8 1 7 9 2 3
8 1 7 9 2 3 4 5 6
9 2 3 4 5 6 8 1 7
3 4 5 6 8 1 7 9 2
6 8 1 7 9 2 3 4 5
0 20538916 0 0 0 20538808 0 0 20555420

2 3 4 5 6 8 1 7 9
1 7 9 2 3 4 5 6 8
5 6 8 1 7 9 2 3 4
4 5 6 8 1 7 9 2 3
8 1 7 9 2 3 4 5 6
9 2 3 4 5 6 8 1 7
3 4 5 6 8 1 7 9 2
0 20538916 0 0 0 20538808 0 0 20555420
6 8 1 7 9 2 3 4 5

2 3 4 5 6 8 1 7 9
1 7 9 2 3 4 5 6 8
5 6 8 1 7 9 2 3 4
4 5 6 8 1 7 9 2 3
8 1 7 9 2 3 4 5 6
9 2 3 4 5 6 8 1 7
0 20538916 0 0 0 20538808 0 0 20555420
6 8 1 7 9 2 3 4 5
3 4 5 6 8 1 7 9 2

2 3 4 5 6 8 1 7 9
1 7 9 2 3 4 5 6 8
5 6 8 1 7 9 2 3 4
4 5 6 8 1 7 9 2 3
8 1 7 9 2 3 4 5 6
9 2 3 4 5 6 8 1 7
0 20538916 0 0 0 20538808 0 0 20555420
3 4 5 6 8 1 7 9 2
6 8 1 7 9 2 3 4 5

2 3 4 5 6 8 1 9 7
1 9 7 2 3 4 5 6 8
5 6 8 1 9 7 2 3 4
7 2 3 4 5 6 8 1 9
8 1 9 7 2 3 4 5 6
4 5 6 8 1 9 7 2 3
9 7 2 3 4 5 6 8 1
6 8 1 9 7 2 3 4 5
3 4 5 6 8 1 9 7 2

2 3 4 5 6 8 1 9 7
1 9 7 2 3 4 5 6 8
5 6 8 1 9 7 2 3 4
7 2 3 4 5 6 8 1 9
8 1 9 7 2 3 4 5 6
4 5 6 8 1 9 7 2 3
9 7 2 3 4 5 6 8 1
3 4 5 6 8 1 9 7 2
6 8 1 9 7 2 3 4 5

2 3 4 5 6 8 1 9 7
1 9 7 2 3 4 5 6 8
5 6 8 1 9 7 2 3 4
7 2 3 4 5 6 8 1 9
8 1 9 7 2 3 4 5 6
4 5 6 8 1 9 7 2 3
6 8 1 9 7 2 3 4 5
9 7 2 3 4 5 6 8 1
3 4 5 6 8 1 9 7 2

2 3 4 5 6 8 1 9 7
1 9 7 2 3 4 5 6 8
5 6 8 1 9 7 2 3 4
7 2 3 4 5 6 8 1 9
8 1 9 7 2 3 4 5 6
4 5 6 8 1 9 7 2 3
6 8 1 9 7 2 3 4 5
3 4 5 6 8 1 9 7 2
9 7 2 3 4 5 6 8 1

2 3 4 5 6 8 1 9 7
1 9 7 2 3 4 5 6 8
5 6 8 1 9 7 2 3 4
7 2 3 4 5 6 8 1 9
8 1 9 7 2 3 4 5 6
4 5 6 8 1 9 7 2 3
3 4 5 6 8 1 9 7 2
9 7 2 3 4 5 6 8 1
6 8 1 9 7 2 3 4 5

2 3 4 5 6 8 1 9 7
1 9 7 2 3 4 5 6 8
5 6 8 1 9 7 2 3 4
7 2 3 4 5 6 8 1 9
8 1 9 7 2 3 4 5 6
4 5 6 8 1 9 7 2 3
3 4 5 6 8 1 9 7 2
6 8 1 9 7 2 3 4 5
9 7 2 3 4 5 6 8 1

2 3 4 5 6 8 1 9 7
1 9 7 2 3 4 5 6 8
5 6 8 1 9 7 2 3 4
7 2 3 4 5 6 8 1 9
4 5 6 8 1 9 7 2 3
8 1 9 7 2 3 4 5 6
6 8 1 9 7 2 3 4 5
3 4 5 6 8 1 9 7 2
0 20538916 0 0 0 20538808 0 0 20555420

2 3 4 5 6 8 1 9 7
1 9 7 2 3 4 5 6 8
5 6 8 1 9 7 2 3 4
7 2 3 4 5 6 8 1 9
4 5 6 8 1 9 7 2 3
8 1 9 7 2 3 4 5 6
6 8 1 9 7 2 3 4 5
0 20538916 0 0 0 20538808 0 0 20555420
3 4 5 6 8 1 9 7 2

2 3 4 5 6 8 1 9 7
1 9 7 2 3 4 5 6 8
5 6 8 1 9 7 2 3 4
7 2 3 4 5 6 8 1 9
4 5 6 8 1 9 7 2 3
8 1 9 7 2 3 4 5 6
3 4 5 6 8 1 9 7 2
6 8 1 9 7 2 3 4 5
0 20538916 0 0 0 20538808 0 0 20555420

2 3 4 5 6 8 1 9 7
1 9 7 2 3 4 5 6 8
5 6 8 1 9 7 2 3 4
7 2 3 4 5 6 8 1 9
4 5 6 8 1 9 7 2 3
8 1 9 7 2 3 4 5 6
3 4 5 6 8 1 9 7 2
0 20538916 0 0 0 20538808 0 0 20555420
6 8 1 9 7 2 3 4 5

2 3 4 5 6 8 1 9 7
1 9 7 2 3 4 5 6 8
5 6 8 1 9 7 2 3 4
7 2 3 4 5 6 8 1 9
4 5 6 8 1 9 7 2 3
8 1 9 7 2 3 4 5 6
0 20538916 0 0 0 20538808 0 0 20555420
6 8 1 9 7 2 3 4 5
3 4 5 6 8 1 9 7 2

2 3 4 5 6 8 1 9 7
1 9 7 2 3 4 5 6 8
5 6 8 1 9 7 2 3 4
7 2 3 4 5 6 8 1 9
4 5 6 8 1 9 7 2 3
8 1 9 7 2 3 4 5 6
0 20538916 0 0 0 20538808 0 0 20555420
3 4 5 6 8 1 9 7 2
6 8 1 9 7 2 3 4 5

2 3 4 5 6 8 1 9 7
1 9 7 2 3 4 5 6 8
5 6 8 1 9 7 2 3 4
8 1 9 7 2 3 4 5 6
7 2 3 4 5 6 8 1 9
4 5 6 8 1 9 7 2 3
6 8 1 9 7 2 3 4 5
3 4 5 6 8 1 9 7 2
0 20538916 0 0 0 20538808 0 0 20555420

2 3 4 5 6 8 1 9 7
1 9 7 2 3 4 5 6 8
5 6 8 1 9 7 2 3 4
8 1 9 7 2 3 4 5 6
7 2 3 4 5 6 8 1 9
4 5 6 8 1 9 7 2 3
6 8 1 9 7 2 3 4 5
0 20538916 0 0 0 20538808 0 0 20555420
3 4 5 6 8 1 9 7 2

2 3 4 5 6 8 1 9 7
1 9 7 2 3 4 5 6 8
5 6 8 1 9 7 2 3 4
8 1 9 7 2 3 4 5 6
7 2 3 4 5 6 8 1 9
4 5 6 8 1 9 7 2 3
3 4 5 6 8 1 9 7 2
6 8 1 9 7 2 3 4 5
0 20538916 0 0 0 20538808 0 0 20555420

2 3 4 5 6 8 1 9 7
1 9 7 2 3 4 5 6 8
5 6 8 1 9 7 2 3 4
8 1 9 7 2 3 4 5 6
7 2 3 4 5 6 8 1 9
4 5 6 8 1 9 7 2 3
3 4 5 6 8 1 9 7 2
0 20538916 0 0 0 20538808 0 0 20555420
6 8 1 9 7 2 3 4 5

2 3 4 5 6 8 1 9 7
1 9 7 2 3 4 5 6 8
5 6 8 1 9 7 2 3 4
8 1 9 7 2 3 4 5 6
7 2 3 4 5 6 8 1 9
4 5 6 8 1 9 7 2 3
0 20538916 0 0 0 20538808 0 0 20555420
6 8 1 9 7 2 3 4 5
3 4 5 6 8 1 9 7 2

2 3 4 5 6 8 1 9 7
1 9 7 2 3 4 5 6 8
5 6 8 1 9 7 2 3 4
8 1 9 7 2 3 4 5 6
7 2 3 4 5 6 8 1 9
4 5 6 8 1 9 7 2 3
0 20538916 0 0 0 20538808 0 0 20555420
3 4 5 6 8 1 9 7 2
6 8 1 9 7 2 3 4 5

2 3 4 5 6 8 1 9 7
1 9 7 2 3 4 5 6 8
5 6 8 1 9 7 2 3 4
8 1 9 7 2 3 4 5 6
4 5 6 8 1 9 7 2 3
7 2 3 4 5 6 8 1 9
6 8 1 9 7 2 3 4 5
3 4 5 6 8 1 9 7 2
0 20538916 0 0 0 20538808 0 0 20555420

2 3 4 5 6 8 1 9 7
1 9 7 2 3 4 5 6 8
5 6 8 1 9 7 2 3 4
8 1 9 7 2 3 4 5 6
4 5 6 8 1 9 7 2 3
7 2 3 4 5 6 8 1 9
6 8 1 9 7 2 3 4 5
0 20538916 0 0 0 20538808 0 0 20555420
3 4 5 6 8 1 9 7 2

2 3 4 5 6 8 1 9 7
1 9 7 2 3 4 5 6 8
5 6 8 1 9 7 2 3 4
8 1 9 7 2 3 4 5 6
4 5 6 8 1 9 7 2 3
7 2 3 4 5 6 8 1 9
3 4 5 6 8 1 9 7 2
6 8 1 9 7 2 3 4 5
0 20538916 0 0 0 20538808 0 0 20555420

2 3 4 5 6 8 1 9 7
1 9 7 2 3 4 5 6 8
5 6 8 1 9 7 2 3 4
8 1 9 7 2 3 4 5 6
4 5 6 8 1 9 7 2 3
7 2 3 4 5 6 8 1 9
3 4 5 6 8 1 9 7 2
0 20538916 0 0 0 20538808 0 0 20555420
6 8 1 9 7 2 3 4 5

2 3 4 5 6 8 1 9 7
1 9 7 2 3 4 5 6 8
5 6 8 1 9 7 2 3 4
8 1 9 7 2 3 4 5 6
4 5 6 8 1 9 7 2 3
7 2 3 4 5 6 8 1 9
0 20538916 0 0 0 20538808 0 0 20555420
6 8 1 9 7 2 3 4 5
3 4 5 6 8 1 9 7 2

2 3 4 5 6 8 1 9 7
1 9 7 2 3 4 5 6 8
5 6 8 1 9 7 2 3 4
8 1 9 7 2 3 4 5 6
4 5 6 8 1 9 7 2 3
7 2 3 4 5 6 8 1 9
0 20538916 0 0 0 20538808 0 0 20555420
3 4 5 6 8 1 9 7 2
6 8 1 9 7 2 3 4 5

2 3 4 5 6 8 1 9 7
1 9 7 2 3 4 5 6 8
5 6 8 1 9 7 2 3 4
4 5 6 8 1 9 7 2 3
7 2 3 4 5 6 8 1 9
8 1 9 7 2 3 4 5 6
6 8 1 9 7 2 3 4 5
3 4 5 6 8 1 9 7 2
0 20538916 0 0 0 20538808 0 0 20555420

2 3 4 5 6 8 1 9 7
1 9 7 2 3 4 5 6 8
5 6 8 1 9 7 2 3 4
4 5 6 8 1 9 7 2 3
7 2 3 4 5 6 8 1 9
8 1 9 7 2 3 4 5 6
6 8 1 9 7 2 3 4 5
0 20538916 0 0 0 20538808 0 0 20555420
3 4 5 6 8 1 9 7 2

2 3 4 5 6 8 1 9 7
1 9 7 2 3 4 5 6 8
5 6 8 1 9 7 2 3 4
4 5 6 8 1 9 7 2 3
7 2 3 4 5 6 8 1 9
8 1 9 7 2 3 4 5 6
3 4 5 6 8 1 9 7 2
6 8 1 9 7 2 3 4 5
0 20538916 0 0 0 20538808 0 0 20555420

2 3 4 5 6 8 1 9 7
1 9 7 2 3 4 5 6 8
5 6 8 1 9 7 2 3 4
4 5 6 8 1 9 7 2 3
7 2 3 4 5 6 8 1 9
8 1 9 7 2 3 4 5 6
3 4 5 6 8 1 9 7 2
0 20538916 0 0 0 20538808 0 0 20555420
6 8 1 9 7 2 3 4 5

2 3 4 5 6 8 1 9 7
1 9 7 2 3 4 5 6 8
5 6 8 1 9 7 2 3 4
4 5 6 8 1 9 7 2 3
7 2 3 4 5 6 8 1 9
8 1 9 7 2 3 4 5 6
0 20538916 0 0 0 20538808 0 0 20555420
6 8 1 9 7 2 3 4 5
3 4 5 6 8 1 9 7 2

2 3 4 5 6 8 1 9 7
1 9 7 2 3 4 5 6 8
5 6 8 1 9 7 2 3 4
4 5 6 8 1 9 7 2 3
7 2 3 4 5 6 8 1 9
8 1 9 7 2 3 4 5 6
0 20538916 0 0 0 20538808 0 0 20555420
3 4 5 6 8 1 9 7 2
6 8 1 9 7 2 3 4 5

2 3 4 5 6 8 1 9 7
1 9 7 2 3 4 5 6 8
5 6 8 1 9 7 2 3 4
4 5 6 8 1 9 7 2 3
8 1 9 7 2 3 4 5 6
7 2 3 4 5 6 8 1 9
6 8 1 9 7 2 3 4 5
3 4 5 6 8 1 9 7 2
0 20538916 0 0 0 20538808 0 0 20555420

2 3 4 5 6 8 1 9 7
1 9 7 2 3 4 5 6 8
5 6 8 1 9 7 2 3 4
4 5 6 8 1 9 7 2 3
8 1 9 7 2 3 4 5 6
7 2 3 4 5 6 8 1 9
6 8 1 9 7 2 3 4 5
0 20538916 0 0 0 20538808 0 0 20555420
3 4 5 6 8 1 9 7 2

2 3 4 5 6 8 1 9 7
1 9 7 2 3 4 5 6 8
5 6 8 1 9 7 2 3 4
4 5 6 8 1 9 7 2 3
8 1 9 7 2 3 4 5 6
7 2 3 4 5 6 8 1 9
3 4 5 6 8 1 9 7 2
6 8 1 9 7 2 3 4 5
0 20538916 0 0 0 20538808 0 0 20555420

2 3 4 5 6 8 1 9 7
1 9 7 2 3 4 5 6 8
5 6 8 1 9 7 2 3 4
4 5 6 8 1 9 7 2 3
8 1 9 7 2 3 4 5 6
7 2 3 4 5 6 8 1 9
3 4 5 6 8 1 9 7 2
0 20538916 0 0 0 20538808 0 0 20555420
6 8 1 9 7 2 3 4 5

2 3 4 5 6 8 1 9 7
1 9 7 2 3 4 5 6 8
5 6 8 1 9 7 2 3 4
4 5 6 8 1 9 7 2 3
8 1 9 7 2 3 4 5 6
7 2 3 4 5 6 8 1 9
0 20538916 0 0 0 20538808 0 0 20555420
6 8 1 9 7 2 3 4 5
3 4 5 6 8 1 9 7 2

2 3 4 5 6 8 1 9 7
1 9 7 2 3 4 5 6 8
5 6 8 1 9 7 2 3 4
4 5 6 8 1 9 7 2 3
8 1 9 7 2 3 4 5 6
7 2 3 4 5 6 8 1 9
0 20538916 0 0 0 20538808 0 0 20555420
3 4 5 6 8 1 9 7 2
6 8 1 9 7 2 3 4 5

2 3 4 5 6 8 7 1 9
7 1 9 2 3 4 5 6 8
5 6 8 7 1 9 2 3 4
9 2 3 4 5 6 8 7 1
8 7 1 9 2 3 4 5 6
4 5 6 8 7 1 9 2 3
1 9 2 3 4 5 6 8 7
6 8 7 1 9 2 3 4 5
3 4 5 6 8 7 1 9 2

2 3 4 5 6 8 7 1 9
7 1 9 2 3 4 5 6 8
5 6 8 7 1 9 2 3 4
9 2 3 4 5 6 8 7 1
8 7 1 9 2 3 4 5 6
4 5 6 8 7 1 9 2 3
1 9 2 3 4 5 6 8 7
3 4 5 6 8 7 1 9 2
6 8 7 1 9 2 3 4 5

2 3 4 5 6 8 7 1 9
7 1 9 2 3 4 5 6 8
5 6 8 7 1 9 2 3 4
9 2 3 4 5 6 8 7 1
8 7 1 9 2 3 4 5 6
4 5 6 8 7 1 9 2 3
6 8 7 1 9 2 3 4 5
1 9 2 3 4 5 6 8 7
3 4 5 6 8 7 1 9 2

2 3 4 5 6 8 7 1 9
7 1 9 2 3 4 5 6 8
5 6 8 7 1 9 2 3 4
9 2 3 4 5 6 8 7 1
8 7 1 9 2 3 4 5 6
4 5 6 8 7 1 9 2 3
6 8 7 1 9 2 3 4 5
3 4 5 6 8 7 1 9 2
1 9 2 3 4 5 6 8 7

2 3 4 5 6 8 7 1 9
7 1 9 2 3 4 5 6 8
5 6 8 7 1 9 2 3 4
9 2 3 4 5 6 8 7 1
8 7 1 9 2 3 4 5 6
4 5 6 8 7 1 9 2 3
3 4 5 6 8 7 1 9 2
1 9 2 3 4 5 6 8 7
6 8 7 1 9 2 3 4 5

2 3 4 5 6 8 7 1 9
7 1 9 2 3 4 5 6 8
5 6 8 7 1 9 2 3 4
9 2 3 4 5 6 8 7 1
8 7 1 9 2 3 4 5 6
4 5 6 8 7 1 9 2 3
3 4 5 6 8 7 1 9 2
6 8 7 1 9 2 3 4 5
1 9 2 3 4 5 6 8 7

2 3 4 5 6 8 7 1 9
7 1 9 2 3 4 5 6 8
5 6 8 7 1 9 2 3 4
9 2 3 4 5 6 8 7 1
4 5 6 8 7 1 9 2 3
8 7 1 9 2 3 4 5 6
6 8 7 1 9 2 3 4 5
3 4 5 6 8 7 1 9 2
0 20538916 0 0 0 20538808 0 0 20555420

2 3 4 5 6 8 7 1 9
7 1 9 2 3 4 5 6 8
5 6 8 7 1 9 2 3 4
9 2 3 4 5 6 8 7 1
4 5 6 8 7 1 9 2 3
8 7 1 9 2 3 4 5 6
6 8 7 1 9 2 3 4 5
0 20538916 0 0 0 20538808 0 0 20555420
3 4 5 6 8 7 1 9 2

2 3 4 5 6 8 7 1 9
7 1 9 2 3 4 5 6 8
5 6 8 7 1 9 2 3 4
9 2 3 4 5 6 8 7 1
4 5 6 8 7 1 9 2 3
8 7 1 9 2 3 4 5 6
3 4 5 6 8 7 1 9 2
6 8 7 1 9 2 3 4 5
0 20538916 0 0 0 20538808 0 0 20555420

2 3 4 5 6 8 7 1 9
7 1 9 2 3 4 5 6 8
5 6 8 7 1 9 2 3 4
9 2 3 4 5 6 8 7 1
4 5 6 8 7 1 9 2 3
8 7 1 9 2 3 4 5 6
3 4 5 6 8 7 1 9 2
0 20538916 0 0 0 20538808 0 0 20555420
6 8 7 1 9 2 3 4 5

2 3 4 5 6 8 7 1 9
7 1 9 2 3 4 5 6 8
5 6 8 7 1 9 2 3 4
9 2 3 4 5 6 8 7 1
4 5 6 8 7 1 9 2 3
8 7 1 9 2 3 4 5 6
0 20538916 0 0 0 20538808 0 0 20555420
6 8 7 1 9 2 3 4 5
3 4 5 6 8 7 1 9 2

2 3 4 5 6 8 7 1 9
7 1 9 2 3 4 5 6 8
5 6 8 7 1 9 2 3 4
9 2 3 4 5 6 8 7 1
4 5 6 8 7 1 9 2 3
8 7 1 9 2 3 4 5 6
0 20538916 0 0 0 20538808 0 0 20555420
3 4 5 6 8 7 1 9 2
6 8 7 1 9 2 3 4 5

2 3 4 5 6 8 7 1 9
7 1 9 2 3 4 5 6 8
5 6 8 7 1 9 2 3 4
8 7 1 9 2 3 4 5 6
9 2 3 4 5 6 8 7 1
4 5 6 8 7 1 9 2 3
6 8 7 1 9 2 3 4 5
3 4 5 6 8 7 1 9 2
0 20538916 0 0 0 20538808 0 0 20555420

2 3 4 5 6 8 7 1 9
7 1 9 2 3 4 5 6 8
5 6 8 7 1 9 2 3 4
8 7 1 9 2 3 4 5 6
9 2 3 4 5 6 8 7 1
4 5 6 8 7 1 9 2 3
6 8 7 1 9 2 3 4 5
0 20538916 0 0 0 20538808 0 0 20555420
3 4 5 6 8 7 1 9 2

2 3 4 5 6 8 7 1 9
7 1 9 2 3 4 5 6 8
5 6 8 7 1 9 2 3 4
8 7 1 9 2 3 4 5 6
9 2 3 4 5 6 8 7 1
4 5 6 8 7 1 9 2 3
3 4 5 6 8 7 1 9 2
6 8 7 1 9 2 3 4 5
0 20538916 0 0 0 20538808 0 0 20555420

2 3 4 5 6 8 7 1 9
7 1 9 2 3 4 5 6 8
5 6 8 7 1 9 2 3 4
8 7 1 9 2 3 4 5 6
9 2 3 4 5 6 8 7 1
4 5 6 8 7 1 9 2 3
3 4 5 6 8 7 1 9 2
0 20538916 0 0 0 20538808 0 0 20555420
6 8 7 1 9 2 3 4 5

2 3 4 5 6 8 7 1 9
7 1 9 2 3 4 5 6 8
5 6 8 7 1 9 2 3 4
8 7 1 9 2 3 4 5 6
9 2 3 4 5 6 8 7 1
4 5 6 8 7 1 9 2 3
0 20538916 0 0 0 20538808 0 0 20555420
6 8 7 1 9 2 3 4 5
3 4 5 6 8 7 1 9 2

2 3 4 5 6 8 7 1 9
7 1 9 2 3 4 5 6 8
5 6 8 7 1 9 2 3 4
8 7 1 9 2 3 4 5 6
9 2 3 4 5 6 8 7 1
4 5 6 8 7 1 9 2 3
0 20538916 0 0 0 20538808 0 0 20555420
3 4 5 6 8 7 1 9 2
6 8 7 1 9 2 3 4 5

2 3 4 5 6 8 7 1 9
7 1 9 2 3 4 5 6 8
5 6 8 7 1 9 2 3 4
8 7 1 9 2 3 4 5 6
4 5 6 8 7 1 9 2 3
9 2 3 4 5 6 8 7 1
6 8 7 1 9 2 3 4 5
3 4 5 6 8 7 1 9 2
0 20538916 0 0 0 20538808 0 0 20555420

2 3 4 5 6 8 7 1 9
7 1 9 2 3 4 5 6 8
5 6 8 7 1 9 2 3 4
8 7 1 9 2 3 4 5 6
4 5 6 8 7 1 9 2 3
9 2 3 4 5 6 8 7 1
6 8 7 1 9 2 3 4 5
0 20538916 0 0 0 20538808 0 0 20555420
3 4 5 6 8 7 1 9 2

2 3 4 5 6 8 7 1 9
7 1 9 2 3 4 5 6 8
5 6 8 7 1 9 2 3 4
8 7 1 9 2 3 4 5 6
4 5 6 8 7 1 9 2 3
9 2 3 4 5 6 8 7 1
3 4 5 6 8 7 1 9 2
6 8 7 1 9 2 3 4 5
0 20538916 0 0 0 20538808 0 0 20555420

2 3 4 5 6 8 7 1 9
7 1 9 2 3 4 5 6 8
5 6 8 7 1 9 2 3 4
8 7 1 9 2 3 4 5 6
4 5 6 8 7 1 9 2 3
9 2 3 4 5 6 8 7 1
3 4 5 6 8 7 1 9 2
0 20538916 0 0 0 20538808 0 0 20555420
6 8 7 1 9 2 3 4 5

2 3 4 5 6 8 7 1 9
7 1 9 2 3 4 5 6 8
5 6 8 7 1 9 2 3 4
8 7 1 9 2 3 4 5 6
4 5 6 8 7 1 9 2 3
9 2 3 4 5 6 8 7 1
0 20538916 0 0 0 20538808 0 0 20555420
6 8 7 1 9 2 3 4 5
3 4 5 6 8 7 1 9 2

2 3 4 5 6 8 7 1 9
7 1 9 2 3 4 5 6 8
5 6 8 7 1 9 2 3 4
8 7 1 9 2 3 4 5 6
4 5 6 8 7 1 9 2 3
9 2 3 4 5 6 8 7 1
0 20538916 0 0 0 20538808 0 0 20555420
3 4 5 6 8 7 1 9 2
6 8 7 1 9 2 3 4 5

2 3 4 5 6 8 7 1 9
7 1 9 2 3 4 5 6 8
5 6 8 7 1 9 2 3 4
4 5 6 8 7 1 9 2 3
9 2 3 4 5 6 8 7 1
8 7 1 9 2 3 4 5 6
6 8 7 1 9 2 3 4 5
3 4 5 6 8 7 1 9 2
0 20538916 0 0 0 20538808 0 0 20555420

2 3 4 5 6 8 7 1 9
7 1 9 2 3 4 5 6 8
5 6 8 7 1 9 2 3 4
4 5 6 8 7 1 9 2 3
9 2 3 4 5 6 8 7 1
8 7 1 9 2 3 4 5 6
6 8 7 1 9 2 3 4 5
0 20538916 0 0 0 20538808 0 0 20555420
3 4 5 6 8 7 1 9 2

2 3 4 5 6 8 7 1 9
7 1 9 2 3 4 5 6 8
5 6 8 7 1 9 2 3 4
4 5 6 8 7 1 9 2 3
9 2 3 4 5 6 8 7 1
8 7 1 9 2 3 4 5 6
3 4 5 6 8 7 1 9 2
6 8 7 1 9 2 3 4 5
0 20538916 0 0 0 20538808 0 0 20555420

2 3 4 5 6 8 7 1 9
7 1 9 2 3 4 5 6 8
5 6 8 7 1 9 2 3 4
4 5 6 8 7 1 9 2 3
9 2 3 4 5 6 8 7 1
8 7 1 9 2 3 4 5 6
3 4 5 6 8 7 1 9 2
0 20538916 0 0 0 20538808 0 0 20555420
6 8 7 1 9 2 3 4 5

2 3 4 5 6 8 7 1 9
7 1 9 2 3 4 5 6 8
5 6 8 7 1 9 2 3 4
4 5 6 8 7 1 9 2 3
9 2 3 4 5 6 8 7 1
8 7 1 9 2 3 4 5 6
0 20538916 0 0 0 20538808 0 0 20555420
6 8 7 1 9 2 3 4 5
3 4 5 6 8 7 1 9 2

2 3 4 5 6 8 7 1 9
7 1 9 2 3 4 5 6 8
5 6 8 7 1 9 2 3 4
4 5 6 8 7 1 9 2 3
9 2 3 4 5 6 8 7 1
8 7 1 9 2 3 4 5 6
0 20538916 0 0 0 20538808 0 0 20555420
3 4 5 6 8 7 1 9 2
6 8 7 1 9 2 3 4 5

2 3 4 5 6 8 7 1 9
7 1 9 2 3 4 5 6 8
5 6 8 7 1 9 2 3 4
4 5 6 8 7 1 9 2 3
8 7 1 9 2 3 4 5 6
9 2 3 4 5 6 8 7 1
6 8 7 1 9 2 3 4 5
3 4 5 6 8 7 1 9 2
0 20538916 0 0 0 20538808 0 0 20555420

2 3 4 5 6 8 7 1 9
7 1 9 2 3 4 5 6 8
5 6 8 7 1 9 2 3 4
4 5 6 8 7 1 9 2 3
8 7 1 9 2 3 4 5 6
9 2 3 4 5 6 8 7 1
6 8 7 1 9 2 3 4 5
0 20538916 0 0 0 20538808 0 0 20555420
3 4 5 6 8 7 1 9 2

2 3 4 5 6 8 7 1 9
7 1 9 2 3 4 5 6 8
5 6 8 7 1 9 2 3 4
4 5 6 8 7 1 9 2 3
8 7 1 9 2 3 4 5 6
9 2 3 4 5 6 8 7 1
3 4 5 6 8 7 1 9 2
6 8 7 1 9 2 3 4 5
0 20538916 0 0 0 20538808 0 0 20555420

2 3 4 5 6 8 7 1 9
7 1 9 2 3 4 5 6 8
5 6 8 7 1 9 2 3 4
4 5 6 8 7 1 9 2 3
8 7 1 9 2 3 4 5 6
9 2 3 4 5 6 8 7 1
3 4 5 6 8 7 1 9 2
0 20538916 0 0 0 20538808 0 0 20555420
6 8 7 1 9 2 3 4 5

2 3 4 5 6 8 7 1 9
7 1 9 2 3 4 5 6 8
5 6 8 7 1 9 2 3 4
4 5 6 8 7 1 9 2 3
8 7 1 9 2 3 4 5 6
9 2 3 4 5 6 8 7 1
0 20538916 0 0 0 20538808 0 0 20555420
6 8 7 1 9 2 3 4 5
3 4 5 6 8 7 1 9 2

2 3 4 5 6 8 7 1 9
7 1 9 2 3 4 5 6 8
5 6 8 7 1 9 2 3 4
4 5 6 8 7 1 9 2 3
8 7 1 9 2 3 4 5 6
9 2 3 4 5 6 8 7 1
0 20538916 0 0 0 20538808 0 0 20555420
3 4 5 6 8 7 1 9 2
6 8 7 1 9 2 3 4 5

2 3 4 5 6 8 7 9 1
7 9 1 2 3 4 5 6 8
5 6 8 7 9 1 2 3 4
1 2 3 4 5 6 8 7 9
8 7 9 1 2 3 4 5 6
4 5 6 8 7 9 1 2 3
9 1 2 3 4 5 6 8 7
6 8 7 9 1 2 3 4 5
3 4 5 6 8 7 9 1 2

2 3 4 5 6 8 7 9 1
7 9 1 2 3 4 5 6 8
5 6 8 7 9 1 2 3 4
1 2 3 4 5 6 8 7 9
8 7 9 1 2 3 4 5 6
4 5 6 8 7 9 1 2 3
9 1 2 3 4 5 6 8 7
3 4 5 6 8 7 9 1 2
6 8 7 9 1 2 3 4 5

2 3 4 5 6 8 7 9 1
7 9 1 2 3 4 5 6 8
5 6 8 7 9 1 2 3 4
1 2 3 4 5 6 8 7 9
8 7 9 1 2 3 4 5 6
4 5 6 8 7 9 1 2 3
6 8 7 9 1 2 3 4 5
9 1 2 3 4 5 6 8 7
3 4 5 6 8 7 9 1 2

2 3 4 5 6 8 7 9 1
7 9 1 2 3 4 5 6 8
5 6 8 7 9 1 2 3 4
1 2 3 4 5 6 8 7 9
8 7 9 1 2 3 4 5 6
4 5 6 8 7 9 1 2 3
6 8 7 9 1 2 3 4 5
3 4 5 6 8 7 9 1 2
9 1 2 3 4 5 6 8 7

2 3 4 5 6 8 7 9 1
7 9 1 2 3 4 5 6 8
5 6 8 7 9 1 2 3 4
1 2 3 4 5 6 8 7 9
8 7 9 1 2 3 4 5 6
4 5 6 8 7 9 1 2 3
3 4 5 6 8 7 9 1 2
9 1 2 3 4 5 6 8 7
6 8 7 9 1 2 3 4 5

2 3 4 5 6 8 7 9 1
7 9 1 2 3 4 5 6 8
5 6 8 7 9 1 2 3 4
1 2 3 4 5 6 8 7 9
8 7 9 1 2 3 4 5 6
4 5 6 8 7 9 1 2 3
3 4 5 6 8 7 9 1 2
6 8 7 9 1 2 3 4 5
9 1 2 3 4 5 6 8 7

2 3 4 5 6 8 7 9 1
7 9 1 2 3 4 5 6 8
5 6 8 7 9 1 2 3 4
1 2 3 4 5 6 8 7 9
4 5 6 8 7 9 1 2 3
8 7 9 1 2 3 4 5 6
6 8 7 9 1 2 3 4 5
3 4 5 6 8 7 9 1 2
0 20538916 0 0 0 20538808 0 0 20555420

2 3 4 5 6 8 7 9 1
7 9 1 2 3 4 5 6 8
5 6 8 7 9 1 2 3 4
1 2 3 4 5 6 8 7 9
4 5 6 8 7 9 1 2 3
8 7 9 1 2 3 4 5 6
6 8 7 9 1 2 3 4 5
0 20538916 0 0 0 20538808 0 0 20555420
3 4 5 6 8 7 9 1 2

2 3 4 5 6 8 7 9 1
7 9 1 2 3 4 5 6 8
5 6 8 7 9 1 2 3 4
1 2 3 4 5 6 8 7 9
4 5 6 8 7 9 1 2 3
8 7 9 1 2 3 4 5 6
3 4 5 6 8 7 9 1 2
6 8 7 9 1 2 3 4 5
0 20538916 0 0 0 20538808 0 0 20555420

2 3 4 5 6 8 7 9 1
7 9 1 2 3 4 5 6 8
5 6 8 7 9 1 2 3 4
1 2 3 4 5 6 8 7 9
4 5 6 8 7 9 1 2 3
8 7 9 1 2 3 4 5 6
3 4 5 6 8 7 9 1 2
0 20538916 0 0 0 20538808 0 0 20555420
6 8 7 9 1 2 3 4 5

2 3 4 5 6 8 7 9 1
7 9 1 2 3 4 5 6 8
5 6 8 7 9 1 2 3 4
1 2 3 4 5 6 8 7 9
4 5 6 8 7 9 1 2 3
8 7 9 1 2 3 4 5 6
0 20538916 0 0 0 20538808 0 0 20555420
6 8 7 9 1 2 3 4 5
3 4 5 6 8 7 9 1 2

2 3 4 5 6 8 7 9 1
7 9 1 2 3 4 5 6 8
5 6 8 7 9 1 2 3 4
1 2 3 4 5 6 8 7 9
4 5 6 8 7 9 1 2 3
8 7 9 1 2 3 4 5 6
0 20538916 0 0 0 20538808 0 0 20555420
3 4 5 6 8 7 9 1 2
6 8 7 9 1 2 3 4 5

2 3 4 5 6 8 7 9 1
7 9 1 2 3 4 5 6 8
5 6 8 7 9 1 2 3 4
8 7 9 1 2 3 4 5 6
1 2 3 4 5 6 8 7 9
4 5 6 8 7 9 1 2 3
6 8 7 9 1 2 3 4 5
3 4 5 6 8 7 9 1 2
0 20538916 0 0 0 20538808 0 0 20555420

2 3 4 5 6 8 7 9 1
7 9 1 2 3 4 5 6 8
5 6 8 7 9 1 2 3 4
8 7 9 1 2 3 4 5 6
1 2 3 4 5 6 8 7 9
4 5 6 8 7 9 1 2 3
6 8 7 9 1 2 3 4 5
0 20538916 0 0 0 20538808 0 0 20555420
3 4 5 6 8 7 9 1 2

2 3 4 5 6 8 7 9 1
7 9 1 2 3 4 5 6 8
5 6 8 7 9 1 2 3 4
8 7 9 1 2 3 4 5 6
1 2 3 4 5 6 8 7 9
4 5 6 8 7 9 1 2 3
3 4 5 6 8 7 9 1 2
6 8 7 9 1 2 3 4 5
0 20538916 0 0 0 20538808 0 0 20555420

2 3 4 5 6 8 7 9 1
7 9 1 2 3 4 5 6 8
5 6 8 7 9 1 2 3 4
8 7 9 1 2 3 4 5 6
1 2 3 4 5 6 8 7 9
4 5 6 8 7 9 1 2 3
3 4 5 6 8 7 9 1 2
0 20538916 0 0 0 20538808 0 0 20555420
6 8 7 9 1 2 3 4 5

2 3 4 5 6 8 7 9 1
7 9 1 2 3 4 5 6 8
5 6 8 7 9 1 2 3 4
8 7 9 1 2 3 4 5 6
1 2 3 4 5 6 8 7 9
4 5 6 8 7 9 1 2 3
0 20538916 0 0 0 20538808 0 0 20555420
6 8 7 9 1 2 3 4 5
3 4 5 6 8 7 9 1 2

2 3 4 5 6 8 7 9 1
7 9 1 2 3 4 5 6 8
5 6 8 7 9 1 2 3 4
8 7 9 1 2 3 4 5 6
1 2 3 4 5 6 8 7 9
4 5 6 8 7 9 1 2 3
0 20538916 0 0 0 20538808 0 0 20555420
3 4 5 6 8 7 9 1 2
6 8 7 9 1 2 3 4 5

2 3 4 5 6 8 7 9 1
7 9 1 2 3 4 5 6 8
5 6 8 7 9 1 2 3 4
8 7 9 1 2 3 4 5 6
4 5 6 8 7 9 1 2 3
1 2 3 4 5 6 8 7 9
6 8 7 9 1 2 3 4 5
3 4 5 6 8 7 9 1 2
0 20538916 0 0 0 20538808 0 0 20555420

2 3 4 5 6 8 7 9 1
7 9 1 2 3 4 5 6 8
5 6 8 7 9 1 2 3 4
8 7 9 1 2 3 4 5 6
4 5 6 8 7 9 1 2 3
1 2 3 4 5 6 8 7 9
6 8 7 9 1 2 3 4 5
0 20538916 0 0 0 20538808 0 0 20555420
3 4 5 6 8 7 9 1 2

2 3 4 5 6 8 7 9 1
7 9 1 2 3 4 5 6 8
5 6 8 7 9 1 2 3 4
8 7 9 1 2 3 4 5 6
4 5 6 8 7 9 1 2 3
1 2 3 4 5 6 8 7 9
3 4 5 6 8 7 9 1 2
6 8 7 9 1 2 3 4 5
0 20538916 0 0 0 20538808 0 0 20555420

2 3 4 5 6 8 7 9 1
7 9 1 2 3 4 5 6 8
5 6 8 7 9 1 2 3 4
8 7 9 1 2 3 4 5 6
4 5 6 8 7 9 1 2 3
1 2 3 4 5 6 8 7 9
3 4 5 6 8 7 9 1 2
0 20538916 0 0 0 20538808 0 0 20555420
6 8 7 9 1 2 3 4 5

2 3 4 5 6 8 7 9 1
7 9 1 2 3 4 5 6 8
5 6 8 7 9 1 2 3 4
8 7 9 1 2 3 4 5 6
4 5 6 8 7 9 1 2 3
1 2 3 4 5 6 8 7 9
0 20538916 0 0 0 20538808 0 0 20555420
6 8 7 9 1 2 3 4 5
3 4 5 6 8 7 9 1 2

2 3 4 5 6 8 7 9 1
7 9 1 2 3 4 5 6 8
5 6 8 7 9 1 2 3 4
8 7 9 1 2 3 4 5 6
4 5 6 8 7 9 1 2 3
1 2 3 4 5 6 8 7 9
0 20538916 0 0 0 20538808 0 0 20555420
3 4 5 6 8 7 9 1 2
6 8 7 9 1 2 3 4 5

2 3 4 5 6 8 7 9 1
7 9 1 2 3 4 5 6 8
5 6 8 7 9 1 2 3 4
4 5 6 8 7 9 1 2 3
1 2 3 4 5 6 8 7 9
8 7 9 1 2 3 4 5 6
6 8 7 9 1 2 3 4 5
3 4 5 6 8 7 9 1 2
0 20538916 0 0 0 20538808 0 0 20555420

2 3 4 5 6 8 7 9 1
7 9 1 2 3 4 5 6 8
5 6 8 7 9 1 2 3 4
4 5 6 8 7 9 1 2 3
1 2 3 4 5 6 8 7 9
8 7 9 1 2 3 4 5 6
6 8 7 9 1 2 3 4 5
0 20538916 0 0 0 20538808 0 0 20555420
3 4 5 6 8 7 9 1 2

2 3 4 5 6 8 7 9 1
7 9 1 2 3 4 5 6 8
5 6 8 7 9 1 2 3 4
4 5 6 8 7 9 1 2 3
1 2 3 4 5 6 8 7 9
8 7 9 1 2 3 4 5 6
3 4 5 6 8 7 9 1 2
6 8 7 9 1 2 3 4 5
0 20538916 0 0 0 20538808 0 0 20555420

2 3 4 5 6 8 7 9 1
7 9 1 2 3 4 5 6 8
5 6 8 7 9 1 2 3 4
4 5 6 8 7 9 1 2 3
1 2 3 4 5 6 8 7 9
8 7 9 1 2 3 4 5 6
3 4 5 6 8 7 9 1 2
0 20538916 0 0 0 20538808 0 0 20555420
6 8 7 9 1 2 3 4 5

2 3 4 5 6 8 7 9 1
7 9 1 2 3 4 5 6 8
5 6 8 7 9 1 2 3 4
4 5 6 8 7 9 1 2 3
1 2 3 4 5 6 8 7 9
8 7 9 1 2 3 4 5 6
0 20538916 0 0 0 20538808 0 0 20555420
6 8 7 9 1 2 3 4 5
3 4 5 6 8 7 9 1 2

2 3 4 5 6 8 7 9 1
7 9 1 2 3 4 5 6 8
5 6 8 7 9 1 2 3 4
4 5 6 8 7 9 1 2 3
1 2 3 4 5 6 8 7 9
8 7 9 1 2 3 4 5 6
0 20538916 0 0 0 20538808 0 0 20555420
3 4 5 6 8 7 9 1 2
6 8 7 9 1 2 3 4 5

2 3 4 5 6 8 7 9 1
7 9 1 2 3 4 5 6 8
5 6 8 7 9 1 2 3 4
4 5 6 8 7 9 1 2 3
8 7 9 1 2 3 4 5 6
1 2 3 4 5 6 8 7 9
6 8 7 9 1 2 3 4 5
3 4 5 6 8 7 9 1 2
0 20538916 0 0 0 20538808 0 0 20555420

2 3 4 5 6 8 7 9 1
7 9 1 2 3 4 5 6 8
5 6 8 7 9 1 2 3 4
4 5 6 8 7 9 1 2 3
8 7 9 1 2 3 4 5 6
1 2 3 4 5 6 8 7 9
6 8 7 9 1 2 3 4 5
0 20538916 0 0 0 20538808 0 0 20555420
3 4 5 6 8 7 9 1 2

2 3 4 5 6 8 7 9 1
7 9 1 2 3 4 5 6 8
5 6 8 7 9 1 2 3 4
4 5 6 8 7 9 1 2 3
8 7 9 1 2 3 4 5 6
1 2 3 4 5 6 8 7 9
3 4 5 6 8 7 9 1 2
6 8 7 9 1 2 3 4 5
0 20538916 0 0 0 20538808 0 0 20555420

2 3 4 5 6 8 7 9 1
7 9 1 2 3 4 5 6 8
5 6 8 7 9 1 2 3 4
4 5 6 8 7 9 1 2 3
8 7 9 1 2 3 4 5 6
1 2 3 4 5 6 8 7 9
3 4 5 6 8 7 9 1 2
0 20538916 0 0 0 20538808 0 0 20555420
6 8 7 9 1 2 3 4 5

2 3 4 5 6 8 7 9 1
7 9 1 2 3 4 5 6 8
5 6 8 7 9 1 2 3 4
4 5 6 8 7 9 1 2 3
8 7 9 1 2 3 4 5 6
1 2 3 4 5 6 8 7 9
0 20538916 0 0 0 20538808 0 0 20555420
6 8 7 9 1 2 3 4 5
3 4 5 6 8 7 9 1 2

2 3 4 5 6 8 7 9 1
7 9 1 2 3 4 5 6 8
5 6 8 7 9 1 2 3 4
4 5 6 8 7 9 1 2 3
8 7 9 1 2 3 4 5 6
1 2 3 4 5 6 8 7 9
0 20538916 0 0 0 20538808 0 0 20555420
3 4 5 6 8 7 9 1 2
6 8 7 9 1 2 3 4 5

2 3 4 5 6 8 9 1 7
9 1 7 2 3 4 5 6 8
5 6 8 9 1 7 2 3 4
7 2 3 4 5 6 8 9 1
8 9 1 7 2 3 4 5 6
4 5 6 8 9 1 7 2 3
1 7 2 3 4 5 6 8 9
6 8 9 1 7 2 3 4 5
3 4 5 6 8 9 1 7 2

2 3 4 5 6 8 9 1 7
9 1 7 2 3 4 5 6 8
5 6 8 9 1 7 2 3 4
7 2 3 4 5 6 8 9 1
8 9 1 7 2 3 4 5 6
4 5 6 8 9 1 7 2 3
1 7 2 3 4 5 6 8 9
3 4 5 6 8 9 1 7 2
6 8 9 1 7 2 3 4 5

2 3 4 5 6 8 9 1 7
9 1 7 2 3 4 5 6 8
5 6 8 9 1 7 2 3 4
7 2 3 4 5 6 8 9 1
8 9 1 7 2 3 4 5 6
4 5 6 8 9 1 7 2 3
6 8 9 1 7 2 3 4 5
1 7 2 3 4 5 6 8 9
3 4 5 6 8 9 1 7 2

2 3 4 5 6 8 9 1 7
9 1 7 2 3 4 5 6 8
5 6 8 9 1 7 2 3 4
7 2 3 4 5 6 8 9 1
8 9 1 7 2 3 4 5 6
4 5 6 8 9 1 7 2 3
6 8 9 1 7 2 3 4 5
3 4 5 6 8 9 1 7 2
1 7 2 3 4 5 6 8 9

2 3 4 5 6 8 9 1 7
9 1 7 2 3 4 5 6 8
5 6 8 9 1 7 2 3 4
7 2 3 4 5 6 8 9 1
8 9 1 7 2 3 4 5 6
4 5 6 8 9 1 7 2 3
3 4 5 6 8 9 1 7 2
1 7 2 3 4 5 6 8 9
6 8 9 1 7 2 3 4 5

2 3 4 5 6 8 9 1 7
9 1 7 2 3 4 5 6 8
5 6 8 9 1 7 2 3 4
7 2 3 4 5 6 8 9 1
8 9 1 7 2 3 4 5 6
4 5 6 8 9 1 7 2 3
3 4 5 6 8 9 1 7 2
6 8 9 1 7 2 3 4 5
1 7 2 3 4 5 6 8 9

2 3 4 5 6 8 9 1 7
9 1 7 2 3 4 5 6 8
5 6 8 9 1 7 2 3 4
7 2 3 4 5 6 8 9 1
4 5 6 8 9 1 7 2 3
8 9 1 7 2 3 4 5 6
6 8 9 1 7 2 3 4 5
3 4 5 6 8 9 1 7 2
0 20538916 0 0 0 20538808 0 0 20555420

2 3 4 5 6 8 9 1 7
9 1 7 2 3 4 5 6 8
5 6 8 9 1 7 2 3 4
7 2 3 4 5 6 8 9 1
4 5 6 8 9 1 7 2 3
8 9 1 7 2 3 4 5 6
6 8 9 1 7 2 3 4 5
0 20538916 0 0 0 20538808 0 0 20555420
3 4 5 6 8 9 1 7 2

2 3 4 5 6 8 9 1 7
9 1 7 2 3 4 5 6 8
5 6 8 9 1 7 2 3 4
7 2 3 4 5 6 8 9 1
4 5 6 8 9 1 7 2 3
8 9 1 7 2 3 4 5 6
3 4 5 6 8 9 1 7 2
6 8 9 1 7 2 3 4 5
0 20538916 0 0 0 20538808 0 0 20555420

2 3 4 5 6 8 9 1 7
9 1 7 2 3 4 5 6 8
5 6 8 9 1 7 2 3 4
7 2 3 4 5 6 8 9 1
4 5 6 8 9 1 7 2 3
8 9 1 7 2 3 4 5 6
3 4 5 6 8 9 1 7 2
0 20538916 0 0 0 20538808 0 0 20555420
6 8 9 1 7 2 3 4 5

2 3 4 5 6 8 9 1 7
9 1 7 2 3 4 5 6 8
5 6 8 9 1 7 2 3 4
7 2 3 4 5 6 8 9 1
4 5 6 8 9 1 7 2 3
8 9 1 7 2 3 4 5 6
0 20538916 0 0 0 20538808 0 0 20555420
6 8 9 1 7 2 3 4 5
3 4 5 6 8 9 1 7 2

2 3 4 5 6 8 9 1 7
9 1 7 2 3 4 5 6 8
5 6 8 9 1 7 2 3 4
7 2 3 4 5 6 8 9 1
4 5 6 8 9 1 7 2 3
8 9 1 7 2 3 4 5 6
0 20538916 0 0 0 20538808 0 0 20555420
3 4 5 6 8 9 1 7 2
6 8 9 1 7 2 3 4 5

2 3 4 5 6 8 9 1 7
9 1 7 2 3 4 5 6 8
5 6 8 9 1 7 2 3 4
8 9 1 7 2 3 4 5 6
7 2 3 4 5 6 8 9 1
4 5 6 8 9 1 7 2 3
6 8 9 1 7 2 3 4 5
3 4 5 6 8 9 1 7 2
0 20538916 0 0 0 20538808 0 0 20555420

2 3 4 5 6 8 9 1 7
9 1 7 2 3 4 5 6 8
5 6 8 9 1 7 2 3 4
8 9 1 7 2 3 4 5 6
7 2 3 4 5 6 8 9 1
4 5 6 8 9 1 7 2 3
6 8 9 1 7 2 3 4 5
0 20538916 0 0 0 20538808 0 0 20555420
3 4 5 6 8 9 1 7 2

2 3 4 5 6 8 9 1 7
9 1 7 2 3 4 5 6 8
5 6 8 9 1 7 2 3 4
8 9 1 7 2 3 4 5 6
7 2 3 4 5 6 8 9 1
4 5 6 8 9 1 7 2 3
3 4 5 6 8 9 1 7 2
6 8 9 1 7 2 3 4 5
0 20538916 0 0 0 20538808 0 0 20555420

2 3 4 5 6 8 9 1 7
9 1 7 2 3 4 5 6 8
5 6 8 9 1 7 2 3 4
8 9 1 7 2 3 4 5 6
7 2 3 4 5 6 8 9 1
4 5 6 8 9 1 7 2 3
3 4 5 6 8 9 1 7 2
0 20538916 0 0 0 20538808 0 0 20555420
6 8 9 1 7 2 3 4 5

2 3 4 5 6 8 9 1 7
9 1 7 2 3 4 5 6 8
5 6 8 9 1 7 2 3 4
8 9 1 7 2 3 4 5 6
7 2 3 4 5 6 8 9 1
4 5 6 8 9 1 7 2 3
0 20538916 0 0 0 20538808 0 0 20555420
6 8 9 1 7 2 3 4 5
3 4 5 6 8 9 1 7 2

2 3 4 5 6 8 9 1 7
9 1 7 2 3 4 5 6 8
5 6 8 9 1 7 2 3 4
8 9 1 7 2 3 4 5 6
7 2 3 4 5 6 8 9 1
4 5 6 8 9 1 7 2 3
0 20538916 0 0 0 20538808 0 0 20555420
3 4 5 6 8 9 1 7 2
6 8 9 1 7 2 3 4 5

2 3 4 5 6 8 9 1 7
9 1 7 2 3 4 5 6 8
5 6 8 9 1 7 2 3 4
8 9 1 7 2 3 4 5 6
4 5 6 8 9 1 7 2 3
7 2 3 4 5 6 8 9 1
6 8 9 1 7 2 3 4 5
3 4 5 6 8 9 1 7 2
0 20538916 0 0 0 20538808 0 0 20555420

2 3 4 5 6 8 9 1 7
9 1 7 2 3 4 5 6 8
5 6 8 9 1 7 2 3 4
8 9 1 7 2 3 4 5 6
4 5 6 8 9 1 7 2 3
7 2 3 4 5 6 8 9 1
6 8 9 1 7 2 3 4 5
0 20538916 0 0 0 20538808 0 0 20555420
3 4 5 6 8 9 1 7 2

2 3 4 5 6 8 9 1 7
9 1 7 2 3 4 5 6 8
5 6 8 9 1 7 2 3 4
8 9 1 7 2 3 4 5 6
4 5 6 8 9 1 7 2 3
7 2 3 4 5 6 8 9 1
3 4 5 6 8 9 1 7 2
6 8 9 1 7 2 3 4 5
0 20538916 0 0 0 20538808 0 0 20555420

2 3 4 5 6 8 9 1 7
9 1 7 2 3 4 5 6 8
5 6 8 9 1 7 2 3 4
8 9 1 7 2 3 4 5 6
4 5 6 8 9 1 7 2 3
7 2 3 4 5 6 8 9 1
3 4 5 6 8 9 1 7 2
0 20538916 0 0 0 20538808 0 0 20555420
6 8 9 1 7 2 3 4 5

2 3 4 5 6 8 9 1 7
9 1 7 2 3 4 5 6 8
5 6 8 9 1 7 2 3 4
8 9 1 7 2 3 4 5 6
4 5 6 8 9 1 7 2 3
7 2 3 4 5 6 8 9 1
0 20538916 0 0 0 20538808 0 0 20555420
6 8 9 1 7 2 3 4 5
3 4 5 6 8 9 1 7 2

2 3 4 5 6 8 9 1 7
9 1 7 2 3 4 5 6 8
5 6 8 9 1 7 2 3 4
8 9 1 7 2 3 4 5 6
4 5 6 8 9 1 7 2 3
7 2 3 4 5 6 8 9 1
0 20538916 0 0 0 20538808 0 0 20555420
3 4 5 6 8 9 1 7 2
6 8 9 1 7 2 3 4 5

2 3 4 5 6 8 9 1 7
9 1 7 2 3 4 5 6 8
5 6 8 9 1 7 2 3 4
4 5 6 8 9 1 7 2 3
7 2 3 4 5 6 8 9 1
8 9 1 7 2 3 4 5 6
6 8 9 1 7 2 3 4 5
3 4 5 6 8 9 1 7 2
0 20538916 0 0 0 20538808 0 0 20555420

2 3 4 5 6 8 9 1 7
9 1 7 2 3 4 5 6 8
5 6 8 9 1 7 2 3 4
4 5 6 8 9 1 7 2 3
7 2 3 4 5 6 8 9 1
8 9 1 7 2 3 4 5 6
6 8 9 1 7 2 3 4 5
0 20538916 0 0 0 20538808 0 0 20555420
3 4 5 6 8 9 1 7 2

2 3 4 5 6 8 9 1 7
9 1 7 2 3 4 5 6 8
5 6 8 9 1 7 2 3 4
4 5 6 8 9 1 7 2 3
7 2 3 4 5 6 8 9 1
8 9 1 7 2 3 4 5 6
3 4 5 6 8 9 1 7 2
6 8 9 1 7 2 3 4 5
0 20538916 0 0 0 20538808 0 0 20555420

2 3 4 5 6 8 9 1 7
9 1 7 2 3 4 5 6 8
5 6 8 9 1 7 2 3 4
4 5 6 8 9 1 7 2 3
7 2 3 4 5 6 8 9 1
8 9 1 7 2 3 4 5 6
3 4 5 6 8 9 1 7 2
0 20538916 0 0 0 20538808 0 0 20555420
6 8 9 1 7 2 3 4 5

2 3 4 5 6 8 9 1 7
9 1 7 2 3 4 5 6 8
5 6 8 9 1 7 2 3 4
4 5 6 8 9 1 7 2 3
7 2 3 4 5 6 8 9 1
8 9 1 7 2 3 4 5 6
0 20538916 0 0 0 20538808 0 0 20555420
6 8 9 1 7 2 3 4 5
3 4 5 6 8 9 1 7 2

2 3 4 5 6 8 9 1 7
9 1 7 2 3 4 5 6 8
5 6 8 9 1 7 2 3 4
4 5 6 8 9 1 7 2 3
7 2 3 4 5 6 8 9 1
8 9 1 7 2 3 4 5 6
0 20538916 0 0 0 20538808 0 0 20555420
3 4 5 6 8 9 1 7 2
6 8 9 1 7 2 3 4 5

2 3 4 5 6 8 9 1 7
9 1 7 2 3 4 5 6 8
5 6 8 9 1 7 2 3 4
4 5 6 8 9 1 7 2 3
8 9 1 7 2 3 4 5 6
7 2 3 4 5 6 8 9 1
6 8 9 1 7 2 3 4 5
3 4 5 6 8 9 1 7 2
0 20538916 0 0 0 20538808 0 0 20555420

2 3 4 5 6 8 9 1 7
9 1 7 2 3 4 5 6 8
5 6 8 9 1 7 2 3 4
4 5 6 8 9 1 7 2 3
8 9 1 7 2 3 4 5 6
7 2 3 4 5 6 8 9 1
6 8 9 1 7 2 3 4 5
0 20538916 0 0 0 20538808 0 0 20555420
3 4 5 6 8 9 1 7 2

2 3 4 5 6 8 9 1 7
9 1 7 2 3 4 5 6 8
5 6 8 9 1 7 2 3 4
4 5 6 8 9 1 7 2 3
8 9 1 7 2 3 4 5 6
7 2 3 4 5 6 8 9 1
3 4 5 6 8 9 1 7 2
6 8 9 1 7 2 3 4 5
0 20538916 0 0 0 20538808 0 0 20555420

2 3 4 5 6 8 9 1 7
9 1 7 2 3 4 5 6 8
5 6 8 9 1 7 2 3 4
4 5 6 8 9 1 7 2 3
8 9 1 7 2 3 4 5 6
7 2 3 4 5 6 8 9 1
3 4 5 6 8 9 1 7 2
0 20538916 0 0 0 20538808 0 0 20555420
6 8 9 1 7 2 3 4 5

2 3 4 5 6 8 9 1 7
9 1 7 2 3 4 5 6 8
5 6 8 9 1 7 2 3 4
4 5 6 8 9 1 7 2 3
8 9 1 7 2 3 4 5 6
7 2 3 4 5 6 8 9 1
0 20538916 0 0 0 20538808 0 0 20555420
6 8 9 1 7 2 3 4 5
3 4 5 6 8 9 1 7 2

2 3 4 5 6 8 9 1 7
9 1 7 2 3 4 5 6 8
5 6 8 9 1 7 2 3 4
4 5 6 8 9 1 7 2 3
8 9 1 7 2 3 4 5 6
7 2 3 4 5 6 8 9 1
0 20538916 0 0 0 20538808 0 0 20555420
3 4 5 6 8 9 1 7 2
6 8 9 1 7 2 3 4 5

2 3 4 5 6 8 9 7 1
9 7 1 2 3 4 5 6 8
5 6 8 9 7 1 2 3 4
1 2 3 4 5 6 8 9 7
8 9 7 1 2 3 4 5 6
4 5 6 8 9 7 1 2 3
7 1 2 3 4 5 6 8 9
6 8 9 7 1 2 3 4 5
3 4 5 6 8 9 7 1 2

2 3 4 5 6 8 9 7 1
9 7 1 2 3 4 5 6 8
5 6 8 9 7 1 2 3 4
1 2 3 4 5 6 8 9 7
8 9 7 1 2 3 4 5 6
4 5 6 8 9 7 1 2 3
7 1 2 3 4 5 6 8 9
3 4 5 6 8 9 7 1 2
6 8 9 7 1 2 3 4 5

2 3 4 5 6 8 9 7 1
9 7 1 2 3 4 5 6 8
5 6 8 9 7 1 2 3 4
1 2 3 4 5 6 8 9 7
8 9 7 1 2 3 4 5 6
4 5 6 8 9 7 1 2 3
6 8 9 7 1 2 3 4 5
7 1 2 3 4 5 6 8 9
3 4 5 6 8 9 7 1 2

2 3 4 5 6 8 9 7 1
9 7 1 2 3 4 5 6 8
5 6 8 9 7 1 2 3 4
1 2 3 4 5 6 8 9 7
8 9 7 1 2 3 4 5 6
4 5 6 8 9 7 1 2 3
6 8 9 7 1 2 3 4 5
3 4 5 6 8 9 7 1 2
7 1 2 3 4 5 6 8 9

2 3 4 5 6 8 9 7 1
9 7 1 2 3 4 5 6 8
5 6 8 9 7 1 2 3 4
1 2 3 4 5 6 8 9 7
8 9 7 1 2 3 4 5 6
4 5 6 8 9 7 1 2 3
3 4 5 6 8 9 7 1 2
7 1 2 3 4 5 6 8 9
6 8 9 7 1 2 3 4 5

2 3 4 5 6 8 9 7 1
9 7 1 2 3 4 5 6 8
5 6 8 9 7 1 2 3 4
1 2 3 4 5 6 8 9 7
8 9 7 1 2 3 4 5 6
4 5 6 8 9 7 1 2 3
3 4 5 6 8 9 7 1 2
6 8 9 7 1 2 3 4 5
7 1 2 3 4 5 6 8 9

2 3 4 5 6 8 9 7 1
9 7 1 2 3 4 5 6 8
5 6 8 9 7 1 2 3 4
1 2 3 4 5 6 8 9 7
4 5 6 8 9 7 1 2 3
8 9 7 1 2 3 4 5 6
6 8 9 7 1 2 3 4 5
3 4 5 6 8 9 7 1 2
0 20538916 0 0 0 20538808 0 0 20555420

2 3 4 5 6 8 9 7 1
9 7 1 2 3 4 5 6 8
5 6 8 9 7 1 2 3 4
1 2 3 4 5 6 8 9 7
4 5 6 8 9 7 1 2 3
8 9 7 1 2 3 4 5 6
6 8 9 7 1 2 3 4 5
0 20538916 0 0 0 20538808 0 0 20555420
3 4 5 6 8 9 7 1 2

2 3 4 5 6 8 9 7 1
9 7 1 2 3 4 5 6 8
5 6 8 9 7 1 2 3 4
1 2 3 4 5 6 8 9 7
4 5 6 8 9 7 1 2 3
8 9 7 1 2 3 4 5 6
3 4 5 6 8 9 7 1 2
6 8 9 7 1 2 3 4 5
0 20538916 0 0 0 20538808 0 0 20555420

2 3 4 5 6 8 9 7 1
9 7 1 2 3 4 5 6 8
5 6 8 9 7 1 2 3 4
1 2 3 4 5 6 8 9 7
4 5 6 8 9 7 1 2 3
8 9 7 1 2 3 4 5 6
3 4 5 6 8 9 7 1 2
0 20538916 0 0 0 20538808 0 0 20555420
6 8 9 7 1 2 3 4 5

2 3 4 5 6 8 9 7 1
9 7 1 2 3 4 5 6 8
5 6 8 9 7 1 2 3 4
1 2 3 4 5 6 8 9 7
4 5 6 8 9 7 1 2 3
8 9 7 1 2 3 4 5 6
0 20538916 0 0 0 20538808 0 0 20555420
6 8 9 7 1 2 3 4 5
3 4 5 6 8 9 7 1 2

2 3 4 5 6 8 9 7 1
9 7 1 2 3 4 5 6 8
5 6 8 9 7 1 2 3 4
1 2 3 4 5 6 8 9 7
4 5 6 8 9 7 1 2 3
8 9 7 1 2 3 4 5 6
0 20538916 0 0 0 20538808 0 0 20555420
3 4 5 6 8 9 7 1 2
6 8 9 7 1 2 3 4 5

2 3 4 5 6 8 9 7 1
9 7 1 2 3 4 5 6 8
5 6 8 9 7 1 2 3 4
8 9 7 1 2 3 4 5 6
1 2 3 4 5 6 8 9 7
4 5 6 8 9 7 1 2 3
6 8 9 7 1 2 3 4 5
3 4 5 6 8 9 7 1 2
0 20538916 0 0 0 20538808 0 0 20555420

2 3 4 5 6 8 9 7 1
9 7 1 2 3 4 5 6 8
5 6 8 9 7 1 2 3 4
8 9 7 1 2 3 4 5 6
1 2 3 4 5 6 8 9 7
4 5 6 8 9 7 1 2 3
6 8 9 7 1 2 3 4 5
0 20538916 0 0 0 20538808 0 0 20555420
3 4 5 6 8 9 7 1 2

2 3 4 5 6 8 9 7 1
9 7 1 2 3 4 5 6 8
5 6 8 9 7 1 2 3 4
8 9 7 1 2 3 4 5 6
1 2 3 4 5 6 8 9 7
4 5 6 8 9 7 1 2 3
3 4 5 6 8 9 7 1 2
6 8 9 7 1 2 3 4 5
0 20538916 0 0 0 20538808 0 0 20555420

2 3 4 5 6 8 9 7 1
9 7 1 2 3 4 5 6 8
5 6 8 9 7 1 2 3 4
8 9 7 1 2 3 4 5 6
1 2 3 4 5 6 8 9 7
4 5 6 8 9 7 1 2 3
3 4 5 6 8 9 7 1 2
0 20538916 0 0 0 20538808 0 0 20555420
6 8 9 7 1 2 3 4 5

2 3 4 5 6 8 9 7 1
9 7 1 2 3 4 5 6 8
5 6 8 9 7 1 2 3 4
8 9 7 1 2 3 4 5 6
1 2 3 4 5 6 8 9 7
4 5 6 8 9 7 1 2 3
0 20538916 0 0 0 20538808 0 0 20555420
6 8 9 7 1 2 3 4 5
3 4 5 6 8 9 7 1 2

2 3 4 5 6 8 9 7 1
9 7 1 2 3 4 5 6 8
5 6 8 9 7 1 2 3 4
8 9 7 1 2 3 4 5 6
1 2 3 4 5 6 8 9 7
4 5 6 8 9 7 1 2 3
0 20538916 0 0 0 20538808 0 0 20555420
3 4 5 6 8 9 7 1 2
6 8 9 7 1 2 3 4 5

2 3 4 5 6 8 9 7 1
9 7 1 2 3 4 5 6 8
5 6 8 9 7 1 2 3 4
8 9 7 1 2 3 4 5 6
4 5 6 8 9 7 1 2 3
1 2 3 4 5 6 8 9 7
6 8 9 7 1 2 3 4 5
3 4 5 6 8 9 7 1 2
0 20538916 0 0 0 20538808 0 0 20555420

2 3 4 5 6 8 9 7 1
9 7 1 2 3 4 5 6 8
5 6 8 9 7 1 2 3 4
8 9 7 1 2 3 4 5 6
4 5 6 8 9 7 1 2 3
1 2 3 4 5 6 8 9 7
6 8 9 7 1 2 3 4 5
0 20538916 0 0 0 20538808 0 0 20555420
3 4 5 6 8 9 7 1 2

2 3 4 5 6 8 9 7 1
9 7 1 2 3 4 5 6 8
5 6 8 9 7 1 2 3 4
8 9 7 1 2 3 4 5 6
4 5 6 8 9 7 1 2 3
1 2 3 4 5 6 8 9 7
3 4 5 6 8 9 7 1 2
6 8 9 7 1 2 3 4 5
0 20538916 0 0 0 20538808 0 0 20555420

2 3 4 5 6 8 9 7 1
9 7 1 2 3 4 5 6 8
5 6 8 9 7 1 2 3 4
8 9 7 1 2 3 4 5 6
4 5 6 8 9 7 1 2 3
1 2 3 4 5 6 8 9 7
3 4 5 6 8 9 7 1 2
0 20538916 0 0 0 20538808 0 0 20555420
6 8 9 7 1 2 3 4 5

2 3 4 5 6 8 9 7 1
9 7 1 2 3 4 5 6 8
5 6 8 9 7 1 2 3 4
8 9 7 1 2 3 4 5 6
4 5 6 8 9 7 1 2 3
1 2 3 4 5 6 8 9 7
0 20538916 0 0 0 20538808 0 0 20555420
6 8 9 7 1 2 3 4 5
3 4 5 6 8 9 7 1 2

2 3 4 5 6 8 9 7 1
9 7 1 2 3 4 5 6 8
5 6 8 9 7 1 2 3 4
8 9 7 1 2 3 4 5 6
4 5 6 8 9 7 1 2 3
1 2 3 4 5 6 8 9 7
0 20538916 0 0 0 20538808 0 0 20555420
3 4 5 6 8 9 7 1 2
6 8 9 7 1 2 3 4 5

2 3 4 5 6 8 9 7 1
9 7 1 2 3 4 5 6 8
5 6 8 9 7 1 2 3 4
4 5 6 8 9 7 1 2 3
1 2 3 4 5 6 8 9 7
8 9 7 1 2 3 4 5 6
6 8 9 7 1 2 3 4 5
3 4 5 6 8 9 7 1 2
0 20538916 0 0 0 20538808 0 0 20555420

2 3 4 5 6 8 9 7 1
9 7 1 2 3 4 5 6 8
5 6 8 9 7 1 2 3 4
4 5 6 8 9 7 1 2 3
1 2 3 4 5 6 8 9 7
8 9 7 1 2 3 4 5 6
6 8 9 7 1 2 3 4 5
0 20538916 0 0 0 20538808 0 0 20555420
3 4 5 6 8 9 7 1 2

2 3 4 5 6 8 9 7 1
9 7 1 2 3 4 5 6 8
5 6 8 9 7 1 2 3 4
4 5 6 8 9 7 1 2 3
1 2 3 4 5 6 8 9 7
8 9 7 1 2 3 4 5 6
3 4 5 6 8 9 7 1 2
6 8 9 7 1 2 3 4 5
0 20538916 0 0 0 20538808 0 0 20555420

2 3 4 5 6 8 9 7 1
9 7 1 2 3 4 5 6 8
5 6 8 9 7 1 2 3 4
4 5 6 8 9 7 1 2 3
1 2 3 4 5 6 8 9 7
8 9 7 1 2 3 4 5 6
3 4 5 6 8 9 7 1 2
0 20538916 0 0 0 20538808 0 0 20555420
6 8 9 7 1 2 3 4 5

2 3 4 5 6 8 9 7 1
9 7 1 2 3 4 5 6 8
5 6 8 9 7 1 2 3 4
4 5 6 8 9 7 1 2 3
1 2 3 4 5 6 8 9 7
8 9 7 1 2 3 4 5 6
0 20538916 0 0 0 20538808 0 0 20555420
6 8 9 7 1 2 3 4 5
3 4 5 6 8 9 7 1 2

2 3 4 5 6 8 9 7 1
9 7 1 2 3 4 5 6 8
5 6 8 9 7 1 2 3 4
4 5 6 8 9 7 1 2 3
1 2 3 4 5 6 8 9 7
8 9 7 1 2 3 4 5 6
0 20538916 0 0 0 20538808 0 0 20555420
3 4 5 6 8 9 7 1 2
6 8 9 7 1 2 3 4 5

2 3 4 5 6 8 9 7 1
9 7 1 2 3 4 5 6 8
5 6 8 9 7 1 2 3 4
4 5 6 8 9 7 1 2 3
8 9 7 1 2 3 4 5 6
1 2 3 4 5 6 8 9 7
6 8 9 7 1 2 3 4 5
3 4 5 6 8 9 7 1 2
0 20538916 0 0 0 20538808 0 0 20555420

2 3 4 5 6 8 9 7 1
9 7 1 2 3 4 5 6 8
5 6 8 9 7 1 2 3 4
4 5 6 8 9 7 1 2 3
8 9 7 1 2 3 4 5 6
1 2 3 4 5 6 8 9 7
6 8 9 7 1 2 3 4 5
0 20538916 0 0 0 20538808 0 0 20555420
3 4 5 6 8 9 7 1 2

2 3 4 5 6 8 9 7 1
9 7 1 2 3 4 5 6 8
5 6 8 9 7 1 2 3 4
4 5 6 8 9 7 1 2 3
8 9 7 1 2 3 4 5 6
1 2 3 4 5 6 8 9 7
3 4 5 6 8 9 7 1 2
6 8 9 7 1 2 3 4 5
0 20538916 0 0 0 20538808 0 0 20555420

2 3 4 5 6 8 9 7 1
9 7 1 2 3 4 5 6 8
5 6 8 9 7 1 2 3 4
4 5 6 8 9 7 1 2 3
8 9 7 1 2 3 4 5 6
1 2 3 4 5 6 8 9 7
3 4 5 6 8 9 7 1 2
0 20538916 0 0 0 20538808 0 0 20555420
6 8 9 7 1 2 3 4 5

2 3 4 5 6 8 9 7 1
9 7 1 2 3 4 5 6 8
5 6 8 9 7 1 2 3 4
4 5 6 8 9 7 1 2 3
8 9 7 1 2 3 4 5 6
1 2 3 4 5 6 8 9 7
0 20538916 0 0 0 20538808 0 0 20555420
6 8 9 7 1 2 3 4 5
3 4 5 6 8 9 7 1 2

2 3 4 5 6 8 9 7 1
9 7 1 2 3 4 5 6 8
5 6 8 9 7 1 2 3 4
4 5 6 8 9 7 1 2 3
8 9 7 1 2 3 4 5 6
1 2 3 4 5 6 8 9 7
0 20538916 0 0 0 20538808 0 0 20555420
3 4 5 6 8 9 7 1 2
6 8 9 7 1 2 3 4 5

2 3 4 5 6 9 1 7 8
1 7 8 2 3 4 5 6 9
5 6 9 1 7 8 2 3 4
8 2 3 4 5 6 9 1 7
9 1 7 8 2 3 4 5 6
4 5 6 9 1 7 8 2 3
7 8 2 3 4 5 6 9 1
6 9 1 7 8 2 3 4 5
3 4 5 6 9 1 7 8 2

2 3 4 5 6 9 1 7 8
1 7 8 2 3 4 5 6 9
5 6 9 1 7 8 2 3 4
8 2 3 4 5 6 9 1 7
9 1 7 8 2 3 4 5 6
4 5 6 9 1 7 8 2 3
7 8 2 3 4 5 6 9 1
3 4 5 6 9 1 7 8 2
6 9 1 7 8 2 3 4 5

2 3 4 5 6 9 1 7 8
1 7 8 2 3 4 5 6 9
5 6 9 1 7 8 2 3 4
8 2 3 4 5 6 9 1 7
9 1 7 8 2 3 4 5 6
4 5 6 9 1 7 8 2 3
6 9 1 7 8 2 3 4 5
7 8 2 3 4 5 6 9 1
3 4 5 6 9 1 7 8 2

2 3 4 5 6 9 1 7 8
1 7 8 2 3 4 5 6 9
5 6 9 1 7 8 2 3 4
8 2 3 4 5 6 9 1 7
9 1 7 8 2 3 4 5 6
4 5 6 9 1 7 8 2 3
6 9 1 7 8 2 3 4 5
3 4 5 6 9 1 7 8 2
7 8 2 3 4 5 6 9 1

2 3 4 5 6 9 1 7 8
1 7 8 2 3 4 5 6 9
5 6 9 1 7 8 2 3 4
8 2 3 4 5 6 9 1 7
9 1 7 8 2 3 4 5 6
4 5 6 9 1 7 8 2 3
3 4 5 6 9 1 7 8 2
7 8 2 3 4 5 6 9 1
6 9 1 7 8 2 3 4 5

2 3 4 5 6 9 1 7 8
1 7 8 2 3 4 5 6 9
5 6 9 1 7 8 2 3 4
8 2 3 4 5 6 9 1 7
9 1 7 8 2 3 4 5 6
4 5 6 9 1 7 8 2 3
3 4 5 6 9 1 7 8 2
6 9 1 7 8 2 3 4 5
7 8 2 3 4 5 6 9 1

2 3 4 5 6 9 1 7 8
1 7 8 2 3 4 5 6 9
5 6 9 1 7 8 2 3 4
8 2 3 4 5 6 9 1 7
4 5 6 9 1 7 8 2 3
9 1 7 8 2 3 4 5 6
6 9 1 7 8 2 3 4 5
3 4 5 6 9 1 7 8 2
0 20538916 0 0 0 20538808 0 0 20555420

2 3 4 5 6 9 1 7 8
1 7 8 2 3 4 5 6 9
5 6 9 1 7 8 2 3 4
8 2 3 4 5 6 9 1 7
4 5 6 9 1 7 8 2 3
9 1 7 8 2 3 4 5 6
6 9 1 7 8 2 3 4 5
0 20538916 0 0 0 20538808 0 0 20555420
3 4 5 6 9 1 7 8 2

2 3 4 5 6 9 1 7 8
1 7 8 2 3 4 5 6 9
5 6 9 1 7 8 2 3 4
8 2 3 4 5 6 9 1 7
4 5 6 9 1 7 8 2 3
9 1 7 8 2 3 4 5 6
3 4 5 6 9 1 7 8 2
6 9 1 7 8 2 3 4 5
0 20538916 0 0 0 20538808 0 0 20555420

2 3 4 5 6 9 1 7 8
1 7 8 2 3 4 5 6 9
5 6 9 1 7 8 2 3 4
8 2 3 4 5 6 9 1 7
4 5 6 9 1 7 8 2 3
9 1 7 8 2 3 4 5 6
3 4 5 6 9 1 7 8 2
0 20538916 0 0 0 20538808 0 0 20555420
6 9 1 7 8 2 3 4 5

2 3 4 5 6 9 1 7 8
1 7 8 2 3 4 5 6 9
5 6 9 1 7 8 2 3 4
8 2 3 4 5 6 9 1 7
4 5 6 9 1 7 8 2 3
9 1 7 8 2 3 4 5 6
0 20538916 0 0 0 20538808 0 0 20555420
6 9 1 7 8 2 3 4 5
3 4 5 6 9 1 7 8 2

2 3 4 5 6 9 1 7 8
1 7 8 2 3 4 5 6 9
5 6 9 1 7 8 2 3 4
8 2 3 4 5 6 9 1 7
4 5 6 9 1 7 8 2 3
9 1 7 8 2 3 4 5 6
0 20538916 0 0 0 20538808 0 0 20555420
3 4 5 6 9 1 7 8 2
6 9 1 7 8 2 3 4 5

2 3 4 5 6 9 1 7 8
1 7 8 2 3 4 5 6 9
5 6 9 1 7 8 2 3 4
9 1 7 8 2 3 4 5 6
8 2 3 4 5 6 9 1 7
4 5 6 9 1 7 8 2 3
6 9 1 7 8 2 3 4 5
3 4 5 6 9 1 7 8 2
0 20538916 0 0 0 20538808 0 0 20555420

2 3 4 5 6 9 1 7 8
1 7 8 2 3 4 5 6 9
5 6 9 1 7 8 2 3 4
9 1 7 8 2 3 4 5 6
8 2 3 4 5 6 9 1 7
4 5 6 9 1 7 8 2 3
6 9 1 7 8 2 3 4 5
0 20538916 0 0 0 20538808 0 0 20555420
3 4 5 6 9 1 7 8 2

2 3 4 5 6 9 1 7 8
1 7 8 2 3 4 5 6 9
5 6 9 1 7 8 2 3 4
9 1 7 8 2 3 4 5 6
8 2 3 4 5 6 9 1 7
4 5 6 9 1 7 8 2 3
3 4 5 6 9 1 7 8 2
6 9 1 7 8 2 3 4 5
0 20538916 0 0 0 20538808 0 0 20555420

2 3 4 5 6 9 1 7 8
1 7 8 2 3 4 5 6 9
5 6 9 1 7 8 2 3 4
9 1 7 8 2 3 4 5 6
8 2 3 4 5 6 9 1 7
4 5 6 9 1 7 8 2 3
3 4 5 6 9 1 7 8 2
0 20538916 0 0 0 20538808 0 0 20555420
6 9 1 7 8 2 3 4 5

2 3 4 5 6 9 1 7 8
1 7 8 2 3 4 5 6 9
5 6 9 1 7 8 2 3 4
9 1 7 8 2 3 4 5 6
8 2 3 4 5 6 9 1 7
4 5 6 9 1 7 8 2 3
0 20538916 0 0 0 20538808 0 0 20555420
6 9 1 7 8 2 3 4 5
3 4 5 6 9 1 7 8 2

2 3 4 5 6 9 1 7 8
1 7 8 2 3 4 5 6 9
5 6 9 1 7 8 2 3 4
9 1 7 8 2 3 4 5 6
8 2 3 4 5 6 9 1 7
4 5 6 9 1 7 8 2 3
0 20538916 0 0 0 20538808 0 0 20555420
3 4 5 6 9 1 7 8 2
6 9 1 7 8 2 3 4 5

2 3 4 5 6 9 1 7 8
1 7 8 2 3 4 5 6 9
5 6 9 1 7 8 2 3 4
9 1 7 8 2 3 4 5 6
4 5 6 9 1 7 8 2 3
8 2 3 4 5 6 9 1 7
6 9 1 7 8 2 3 4 5
3 4 5 6 9 1 7 8 2
0 20538916 0 0 0 20538808 0 0 20555420

2 3 4 5 6 9 1 7 8
1 7 8 2 3 4 5 6 9
5 6 9 1 7 8 2 3 4
9 1 7 8 2 3 4 5 6
4 5 6 9 1 7 8 2 3
8 2 3 4 5 6 9 1 7
6 9 1 7 8 2 3 4 5
0 20538916 0 0 0 20538808 0 0 20555420
3 4 5 6 9 1 7 8 2

2 3 4 5 6 9 1 7 8
1 7 8 2 3 4 5 6 9
5 6 9 1 7 8 2 3 4
9 1 7 8 2 3 4 5 6
4 5 6 9 1 7 8 2 3
8 2 3 4 5 6 9 1 7
3 4 5 6 9 1 7 8 2
6 9 1 7 8 2 3 4 5
0 20538916 0 0 0 20538808 0 0 20555420

2 3 4 5 6 9 1 7 8
1 7 8 2 3 4 5 6 9
5 6 9 1 7 8 2 3 4
9 1 7 8 2 3 4 5 6
4 5 6 9 1 7 8 2 3
8 2 3 4 5 6 9 1 7
3 4 5 6 9 1 7 8 2
0 20538916 0 0 0 20538808 0 0 20555420
6 9 1 7 8 2 3 4 5

2 3 4 5 6 9 1 7 8
1 7 8 2 3 4 5 6 9
5 6 9 1 7 8 2 3 4
9 1 7 8 2 3 4 5 6
4 5 6 9 1 7 8 2 3
8 2 3 4 5 6 9 1 7
0 20538916 0 0 0 20538808 0 0 20555420
6 9 1 7 8 2 3 4 5
3 4 5 6 9 1 7 8 2

2 3 4 5 6 9 1 7 8
1 7 8 2 3 4 5 6 9
5 6 9 1 7 8 2 3 4
9 1 7 8 2 3 4 5 6
4 5 6 9 1 7 8 2 3
8 2 3 4 5 6 9 1 7
0 20538916 0 0 0 20538808 0 0 20555420
3 4 5 6 9 1 7 8 2
6 9 1 7 8 2 3 4 5

2 3 4 5 6 9 1 7 8
1 7 8 2 3 4 5 6 9
5 6 9 1 7 8 2 3 4
4 5 6 9 1 7 8 2 3
8 2 3 4 5 6 9 1 7
9 1 7 8 2 3 4 5 6
6 9 1 7 8 2 3 4 5
3 4 5 6 9 1 7 8 2
0 20538916 0 0 0 20538808 0 0 20555420

2 3 4 5 6 9 1 7 8
1 7 8 2 3 4 5 6 9
5 6 9 1 7 8 2 3 4
4 5 6 9 1 7 8 2 3
8 2 3 4 5 6 9 1 7
9 1 7 8 2 3 4 5 6
6 9 1 7 8 2 3 4 5
0 20538916 0 0 0 20538808 0 0 20555420
3 4 5 6 9 1 7 8 2

2 3 4 5 6 9 1 7 8
1 7 8 2 3 4 5 6 9
5 6 9 1 7 8 2 3 4
4 5 6 9 1 7 8 2 3
8 2 3 4 5 6 9 1 7
9 1 7 8 2 3 4 5 6
3 4 5 6 9 1 7 8 2
6 9 1 7 8 2 3 4 5
0 20538916 0 0 0 20538808 0 0 20555420

2 3 4 5 6 9 1 7 8
1 7 8 2 3 4 5 6 9
5 6 9 1 7 8 2 3 4
4 5 6 9 1 7 8 2 3
8 2 3 4 5 6 9 1 7
9 1 7 8 2 3 4 5 6
3 4 5 6 9 1 7 8 2
0 20538916 0 0 0 20538808 0 0 20555420
6 9 1 7 8 2 3 4 5

2 3 4 5 6 9 1 7 8
1 7 8 2 3 4 5 6 9
5 6 9 1 7 8 2 3 4
4 5 6 9 1 7 8 2 3
8 2 3 4 5 6 9 1 7
9 1 7 8 2 3 4 5 6
0 20538916 0 0 0 20538808 0 0 20555420
6 9 1 7 8 2 3 4 5
3 4 5 6 9 1 7 8 2

2 3 4 5 6 9 1 7 8
1 7 8 2 3 4 5 6 9
5 6 9 1 7 8 2 3 4
4 5 6 9 1 7 8 2 3
8 2 3 4 5 6 9 1 7
9 1 7 8 2 3 4 5 6
0 20538916 0 0 0 20538808 0 0 20555420
3 4 5 6 9 1 7 8 2
6 9 1 7 8 2 3 4 5

2 3 4 5 6 9 1 7 8
1 7 8 2 3 4 5 6 9
5 6 9 1 7 8 2 3 4
4 5 6 9 1 7 8 2 3
9 1 7 8 2 3 4 5 6
8 2 3 4 5 6 9 1 7
6 9 1 7 8 2 3 4 5
3 4 5 6 9 1 7 8 2
0 20538916 0 0 0 20538808 0 0 20555420

2 3 4 5 6 9 1 7 8
1 7 8 2 3 4 5 6 9
5 6 9 1 7 8 2 3 4
4 5 6 9 1 7 8 2 3
9 1 7 8 2 3 4 5 6
8 2 3 4 5 6 9 1 7
6 9 1 7 8 2 3 4 5
0 20538916 0 0 0 20538808 0 0 20555420
3 4 5 6 9 1 7 8 2

2 3 4 5 6 9 1 7 8
1 7 8 2 3 4 5 6 9
5 6 9 1 7 8 2 3 4
4 5 6 9 1 7 8 2 3
9 1 7 8 2 3 4 5 6
8 2 3 4 5 6 9 1 7
3 4 5 6 9 1 7 8 2
6 9 1 7 8 2 3 4 5
0 20538916 0 0 0 20538808 0 0 20555420

2 3 4 5 6 9 1 7 8
1 7 8 2 3 4 5 6 9
5 6 9 1 7 8 2 3 4
4 5 6 9 1 7 8 2 3
9 1 7 8 2 3 4 5 6
8 2 3 4 5 6 9 1 7
3 4 5 6 9 1 7 8 2
0 20538916 0 0 0 20538808 0 0 20555420
6 9 1 7 8 2 3 4 5

2 3 4 5 6 9 1 7 8
1 7 8 2 3 4 5 6 9
5 6 9 1 7 8 2 3 4
4 5 6 9 1 7 8 2 3
9 1 7 8 2 3 4 5 6
8 2 3 4 5 6 9 1 7
0 20538916 0 0 0 20538808 0 0 20555420
6 9 1 7 8 2 3 4 5
3 4 5 6 9 1 7 8 2

2 3 4 5 6 9 1 7 8
1 7 8 2 3 4 5 6 9
5 6 9 1 7 8 2 3 4
4 5 6 9 1 7 8 2 3
9 1 7 8 2 3 4 5 6
8 2 3 4 5 6 9 1 7
0 20538916 0 0 0 20538808 0 0 20555420
3 4 5 6 9 1 7 8 2
6 9 1 7 8 2 3 4 5

2 3 4 5 6 9 1 8 7
1 8 7 2 3 4 5 6 9
5 6 9 1 8 7 2 3 4
7 2 3 4 5 6 9 1 8
9 1 8 7 2 3 4 5 6
4 5 6 9 1 8 7 2 3
8 7 2 3 4 5 6 9 1
6 9 1 8 7 2 3 4 5
3 4 5 6 9 1 8 7 2

2 3 4 5 6 9 1 8 7
1 8 7 2 3 4 5 6 9
5 6 9 1 8 7 2 3 4
7 2 3 4 5 6 9 1 8
9 1 8 7 2 3 4 5 6
4 5 6 9 1 8 7 2 3
8 7 2 3 4 5 6 9 1
3 4 5 6 9 1 8 7 2
6 9 1 8 7 2 3 4 5

2 3 4 5 6 9 1 8 7
1 8 7 2 3 4 5 6 9
5 6 9 1 8 7 2 3 4
7 2 3 4 5 6 9 1 8
9 1 8 7 2 3 4 5 6
4 5 6 9 1 8 7 2 3
6 9 1 8 7 2 3 4 5
8 7 2 3 4 5 6 9 1
3 4 5 6 9 1 8 7 2

2 3 4 5 6 9 1 8 7
1 8 7 2 3 4 5 6 9
5 6 9 1 8 7 2 3 4
7 2 3 4 5 6 9 1 8
9 1 8 7 2 3 4 5 6
4 5 6 9 1 8 7 2 3
6 9 1 8 7 2 3 4 5
3 4 5 6 9 1 8 7 2
8 7 2 3 4 5 6 9 1

2 3 4 5 6 9 1 8 7
1 8 7 2 3 4 5 6 9
5 6 9 1 8 7 2 3 4
7 2 3 4 5 6 9 1 8
9 1 8 7 2 3 4 5 6
4 5 6 9 1 8 7 2 3
3 4 5 6 9 1 8 7 2
8 7 2 3 4 5 6 9 1
6 9 1 8 7 2 3 4 5

2 3 4 5 6 9 1 8 7
1 8 7 2 3 4 5 6 9
5 6 9 1 8 7 2 3 4
7 2 3 4 5 6 9 1 8
9 1 8 7 2 3 4 5 6
4 5 6 9 1 8 7 2 3
3 4 5 6 9 1 8 7 2
6 9 1 8 7 2 3 4 5
8 7 2 3 4 5 6 9 1

2 3 4 5 6 9 1 8 7
1 8 7 2 3 4 5 6 9
5 6 9 1 8 7 2 3 4
7 2 3 4 5 6 9 1 8
4 5 6 9 1 8 7 2 3
9 1 8 7 2 3 4 5 6
6 9 1 8 7 2 3 4 5
3 4 5 6 9 1 8 7 2
0 20538916 0 0 0 20538808 0 0 20555420

2 3 4 5 6 9 1 8 7
1 8 7 2 3 4 5 6 9
5 6 9 1 8 7 2 3 4
7 2 3 4 5 6 9 1 8
4 5 6 9 1 8 7 2 3
9 1 8 7 2 3 4 5 6
6 9 1 8 7 2 3 4 5
0 20538916 0 0 0 20538808 0 0 20555420
3 4 5 6 9 1 8 7 2

2 3 4 5 6 9 1 8 7
1 8 7 2 3 4 5 6 9
5 6 9 1 8 7 2 3 4
7 2 3 4 5 6 9 1 8
4 5 6 9 1 8 7 2 3
9 1 8 7 2 3 4 5 6
3 4 5 6 9 1 8 7 2
6 9 1 8 7 2 3 4 5
0 20538916 0 0 0 20538808 0 0 20555420

2 3 4 5 6 9 1 8 7
1 8 7 2 3 4 5 6 9
5 6 9 1 8 7 2 3 4
7 2 3 4 5 6 9 1 8
4 5 6 9 1 8 7 2 3
9 1 8 7 2 3 4 5 6
3 4 5 6 9 1 8 7 2
0 20538916 0 0 0 20538808 0 0 20555420
6 9 1 8 7 2 3 4 5

2 3 4 5 6 9 1 8 7
1 8 7 2 3 4 5 6 9
5 6 9 1 8 7 2 3 4
7 2 3 4 5 6 9 1 8
4 5 6 9 1 8 7 2 3
9 1 8 7 2 3 4 5 6
0 20538916 0 0 0 20538808 0 0 20555420
6 9 1 8 7 2 3 4 5
3 4 5 6 9 1 8 7 2

2 3 4 5 6 9 1 8 7
1 8 7 2 3 4 5 6 9
5 6 9 1 8 7 2 3 4
7 2 3 4 5 6 9 1 8
4 5 6 9 1 8 7 2 3
9 1 8 7 2 3 4 5 6
0 20538916 0 0 0 20538808 0 0 20555420
3 4 5 6 9 1 8 7 2
6 9 1 8 7 2 3 4 5

2 3 4 5 6 9 1 8 7
1 8 7 2 3 4 5 6 9
5 6 9 1 8 7 2 3 4
9 1 8 7 2 3 4 5 6
7 2 3 4 5 6 9 1 8
4 5 6 9 1 8 7 2 3
6 9 1 8 7 2 3 4 5
3 4 5 6 9 1 8 7 2
0 20538916 0 0 0 20538808 0 0 20555420

2 3 4 5 6 9 1 8 7
1 8 7 2 3 4 5 6 9
5 6 9 1 8 7 2 3 4
9 1 8 7 2 3 4 5 6
7 2 3 4 5 6 9 1 8
4 5 6 9 1 8 7 2 3
6 9 1 8 7 2 3 4 5
0 20538916 0 0 0 20538808 0 0 20555420
3 4 5 6 9 1 8 7 2

2 3 4 5 6 9 1 8 7
1 8 7 2 3 4 5 6 9
5 6 9 1 8 7 2 3 4
9 1 8 7 2 3 4 5 6
7 2 3 4 5 6 9 1 8
4 5 6 9 1 8 7 2 3
3 4 5 6 9 1 8 7 2
6 9 1 8 7 2 3 4 5
0 20538916 0 0 0 20538808 0 0 20555420

2 3 4 5 6 9 1 8 7
1 8 7 2 3 4 5 6 9
5 6 9 1 8 7 2 3 4
9 1 8 7 2 3 4 5 6
7 2 3 4 5 6 9 1 8
4 5 6 9 1 8 7 2 3
3 4 5 6 9 1 8 7 2
0 20538916 0 0 0 20538808 0 0 20555420
6 9 1 8 7 2 3 4 5

2 3 4 5 6 9 1 8 7
1 8 7 2 3 4 5 6 9
5 6 9 1 8 7 2 3 4
9 1 8 7 2 3 4 5 6
7 2 3 4 5 6 9 1 8
4 5 6 9 1 8 7 2 3
0 20538916 0 0 0 20538808 0 0 20555420
6 9 1 8 7 2 3 4 5
3 4 5 6 9 1 8 7 2

2 3 4 5 6 9 1 8 7
1 8 7 2 3 4 5 6 9
5 6 9 1 8 7 2 3 4
9 1 8 7 2 3 4 5 6
7 2 3 4 5 6 9 1 8
4 5 6 9 1 8 7 2 3
0 20538916 0 0 0 20538808 0 0 20555420
3 4 5 6 9 1 8 7 2
6 9 1 8 7 2 3 4 5

2 3 4 5 6 9 1 8 7
1 8 7 2 3 4 5 6 9
5 6 9 1 8 7 2 3 4
9 1 8 7 2 3 4 5 6
4 5 6 9 1 8 7 2 3
7 2 3 4 5 6 9 1 8
6 9 1 8 7 2 3 4 5
3 4 5 6 9 1 8 7 2
0 20538916 0 0 0 20538808 0 0 20555420

2 3 4 5 6 9 1 8 7
1 8 7 2 3 4 5 6 9
5 6 9 1 8 7 2 3 4
9 1 8 7 2 3 4 5 6
4 5 6 9 1 8 7 2 3
7 2 3 4 5 6 9 1 8
6 9 1 8 7 2 3 4 5
0 20538916 0 0 0 20538808 0 0 20555420
3 4 5 6 9 1 8 7 2

2 3 4 5 6 9 1 8 7
1 8 7 2 3 4 5 6 9
5 6 9 1 8 7 2 3 4
9 1 8 7 2 3 4 5 6
4 5 6 9 1 8 7 2 3
7 2 3 4 5 6 9 1 8
3 4 5 6 9 1 8 7 2
6 9 1 8 7 2 3 4 5
0 20538916 0 0 0 20538808 0 0 20555420

2 3 4 5 6 9 1 8 7
1 8 7 2 3 4 5 6 9
5 6 9 1 8 7 2 3 4
9 1 8 7 2 3 4 5 6
4 5 6 9 1 8 7 2 3
7 2 3 4 5 6 9 1 8
3 4 5 6 9 1 8 7 2
0 20538916 0 0 0 20538808 0 0 20555420
6 9 1 8 7 2 3 4 5

2 3 4 5 6 9 1 8 7
1 8 7 2 3 4 5 6 9
5 6 9 1 8 7 2 3 4
9 1 8 7 2 3 4 5 6
4 5 6 9 1 8 7 2 3
7 2 3 4 5 6 9 1 8
0 20538916 0 0 0 20538808 0 0 20555420
6 9 1 8 7 2 3 4 5
3 4 5 6 9 1 8 7 2

2 3 4 5 6 9 1 8 7
1 8 7 2 3 4 5 6 9
5 6 9 1 8 7 2 3 4
9 1 8 7 2 3 4 5 6
4 5 6 9 1 8 7 2 3
7 2 3 4 5 6 9 1 8
0 20538916 0 0 0 20538808 0 0 20555420
3 4 5 6 9 1 8 7 2
6 9 1 8 7 2 3 4 5

2 3 4 5 6 9 1 8 7
1 8 7 2 3 4 5 6 9
5 6 9 1 8 7 2 3 4
4 5 6 9 1 8 7 2 3
7 2 3 4 5 6 9 1 8
9 1 8 7 2 3 4 5 6
6 9 1 8 7 2 3 4 5
3 4 5 6 9 1 8 7 2
0 20538916 0 0 0 20538808 0 0 20555420

2 3 4 5 6 9 1 8 7
1 8 7 2 3 4 5 6 9
5 6 9 1 8 7 2 3 4
4 5 6 9 1 8 7 2 3
7 2 3 4 5 6 9 1 8
9 1 8 7 2 3 4 5 6
6 9 1 8 7 2 3 4 5
0 20538916 0 0 0 20538808 0 0 20555420
3 4 5 6 9 1 8 7 2

2 3 4 5 6 9 1 8 7
1 8 7 2 3 4 5 6 9
5 6 9 1 8 7 2 3 4
4 5 6 9 1 8 7 2 3
7 2 3 4 5 6 9 1 8
9 1 8 7 2 3 4 5 6
3 4 5 6 9 1 8 7 2
6 9 1 8 7 2 3 4 5
0 20538916 0 0 0 20538808 0 0 20555420

2 3 4 5 6 9 1 8 7
1 8 7 2 3 4 5 6 9
5 6 9 1 8 7 2 3 4
4 5 6 9 1 8 7 2 3
7 2 3 4 5 6 9 1 8
9 1 8 7 2 3 4 5 6
3 4 5 6 9 1 8 7 2
0 20538916 0 0 0 20538808 0 0 20555420
6 9 1 8 7 2 3 4 5

2 3 4 5 6 9 1 8 7
1 8 7 2 3 4 5 6 9
5 6 9 1 8 7 2 3 4
4 5 6 9 1 8 7 2 3
7 2 3 4 5 6 9 1 8
9 1 8 7 2 3 4 5 6
0 20538916 0 0 0 20538808 0 0 20555420
6 9 1 8 7 2 3 4 5
3 4 5 6 9 1 8 7 2

2 3 4 5 6 9 1 8 7
1 8 7 2 3 4 5 6 9
5 6 9 1 8 7 2 3 4
4 5 6 9 1 8 7 2 3
7 2 3 4 5 6 9 1 8
9 1 8 7 2 3 4 5 6
0 20538916 0 0 0 20538808 0 0 20555420
3 4 5 6 9 1 8 7 2
6 9 1 8 7 2 3 4 5

2 3 4 5 6 9 1 8 7
1 8 7 2 3 4 5 6 9
5 6 9 1 8 7 2 3 4
4 5 6 9 1 8 7 2 3
9 1 8 7 2 3 4 5 6
7 2 3 4 5 6 9 1 8
6 9 1 8 7 2 3 4 5
3 4 5 6 9 1 8 7 2
0 20538916 0 0 0 20538808 0 0 20555420

2 3 4 5 6 9 1 8 7
1 8 7 2 3 4 5 6 9
5 6 9 1 8 7 2 3 4
4 5 6 9 1 8 7 2 3
9 1 8 7 2 3 4 5 6
7 2 3 4 5 6 9 1 8
6 9 1 8 7 2 3 4 5
0 20538916 0 0 0 20538808 0 0 20555420
3 4 5 6 9 1 8 7 2

2 3 4 5 6 9 1 8 7
1 8 7 2 3 4 5 6 9
5 6 9 1 8 7 2 3 4
4 5 6 9 1 8 7 2 3
9 1 8 7 2 3 4 5 6
7 2 3 4 5 6 9 1 8
3 4 5 6 9 1 8 7 2
6 9 1 8 7 2 3 4 5
0 20538916 0 0 0 20538808 0 0 20555420

2 3 4 5 6 9 1 8 7
1 8 7 2 3 4 5 6 9
5 6 9 1 8 7 2 3 4
4 5 6 9 1 8 7 2 3
9 1 8 7 2 3 4 5 6
7 2 3 4 5 6 9 1 8
3 4 5 6 9 1 8 7 2
0 20538916 0 0 0 20538808 0 0 20555420
6 9 1 8 7 2 3 4 5

2 3 4 5 6 9 1 8 7
1 8 7 2 3 4 5 6 9
5 6 9 1 8 7 2 3 4
4 5 6 9 1 8 7 2 3
9 1 8 7 2 3 4 5 6
7 2 3 4 5 6 9 1 8
0 20538916 0 0 0 20538808 0 0 20555420
6 9 1 8 7 2 3 4 5
3 4 5 6 9 1 8 7 2

2 3 4 5 6 9 1 8 7
1 8 7 2 3 4 5 6 9
5 6 9 1 8 7 2 3 4
4 5 6 9 1 8 7 2 3
9 1 8 7 2 3 4 5 6
7 2 3 4 5 6 9 1 8
0 20538916 0 0 0 20538808 0 0 20555420
3 4 5 6 9 1 8 7 2
6 9 1 8 7 2 3 4 5

2 3 4 5 6 9 7 1 8
7 1 8 2 3 4 5 6 9
5 6 9 7 1 8 2 3 4
8 2 3 4 5 6 9 7 1
9 7 1 8 2 3 4 5 6
4 5 6 9 7 1 8 2 3
1 8 2 3 4 5 6 9 7
6 9 7 1 8 2 3 4 5
3 4 5 6 9 7 1 8 2

2 3 4 5 6 9 7 1 8
7 1 8 2 3 4 5 6 9
5 6 9 7 1 8 2 3 4
8 2 3 4 5 6 9 7 1
9 7 1 8 2 3 4 5 6
4 5 6 9 7 1 8 2 3
1 8 2 3 4 5 6 9 7
3 4 5 6 9 7 1 8 2
6 9 7 1 8 2 3 4 5

2 3 4 5 6 9 7 1 8
7 1 8 2 3 4 5 6 9
5 6 9 7 1 8 2 3 4
8 2 3 4 5 6 9 7 1
9 7 1 8 2 3 4 5 6
4 5 6 9 7 1 8 2 3
6 9 7 1 8 2 3 4 5
1 8 2 3 4 5 6 9 7
3 4 5 6 9 7 1 8 2

2 3 4 5 6 9 7 1 8
7 1 8 2 3 4 5 6 9
5 6 9 7 1 8 2 3 4
8 2 3 4 5 6 9 7 1
9 7 1 8 2 3 4 5 6
4 5 6 9 7 1 8 2 3
6 9 7 1 8 2 3 4 5
3 4 5 6 9 7 1 8 2
1 8 2 3 4 5 6 9 7

2 3 4 5 6 9 7 1 8
7 1 8 2 3 4 5 6 9
5 6 9 7 1 8 2 3 4
8 2 3 4 5 6 9 7 1
9 7 1 8 2 3 4 5 6
4 5 6 9 7 1 8 2 3
3 4 5 6 9 7 1 8 2
1 8 2 3 4 5 6 9 7
6 9 7 1 8 2 3 4 5

2 3 4 5 6 9 7 1 8
7 1 8 2 3 4 5 6 9
5 6 9 7 1 8 2 3 4
8 2 3 4 5 6 9 7 1
9 7 1 8 2 3 4 5 6
4 5 6 9 7 1 8 2 3
3 4 5 6 9 7 1 8 2
6 9 7 1 8 2 3 4 5
1 8 2 3 4 5 6 9 7

2 3 4 5 6 9 7 1 8
7 1 8 2 3 4 5 6 9
5 6 9 7 1 8 2 3 4
8 2 3 4 5 6 9 7 1
4 5 6 9 7 1 8 2 3
9 7 1 8 2 3 4 5 6
6 9 7 1 8 2 3 4 5
3 4 5 6 9 7 1 8 2
0 20538916 0 0 0 20538808 0 0 20555420

2 3 4 5 6 9 7 1 8
7 1 8 2 3 4 5 6 9
5 6 9 7 1 8 2 3 4
8 2 3 4 5 6 9 7 1
4 5 6 9 7 1 8 2 3
9 7 1 8 2 3 4 5 6
6 9 7 1 8 2 3 4 5
0 20538916 0 0 0 20538808 0 0 20555420
3 4 5 6 9 7 1 8 2

2 3 4 5 6 9 7 1 8
7 1 8 2 3 4 5 6 9
5 6 9 7 1 8 2 3 4
8 2 3 4 5 6 9 7 1
4 5 6 9 7 1 8 2 3
9 7 1 8 2 3 4 5 6
3 4 5 6 9 7 1 8 2
6 9 7 1 8 2 3 4 5
0 20538916 0 0 0 20538808 0 0 20555420

2 3 4 5 6 9 7 1 8
7 1 8 2 3 4 5 6 9
5 6 9 7 1 8 2 3 4
8 2 3 4 5 6 9 7 1
4 5 6 9 7 1 8 2 3
9 7 1 8 2 3 4 5 6
3 4 5 6 9 7 1 8 2
0 20538916 0 0 0 20538808 0 0 20555420
6 9 7 1 8 2 3 4 5

2 3 4 5 6 9 7 1 8
7 1 8 2 3 4 5 6 9
5 6 9 7 1 8 2 3 4
8 2 3 4 5 6 9 7 1
4 5 6 9 7 1 8 2 3
9 7 1 8 2 3 4 5 6
0 20538916 0 0 0 20538808 0 0 20555420
6 9 7 1 8 2 3 4 5
3 4 5 6 9 7 1 8 2

2 3 4 5 6 9 7 1 8
7 1 8 2 3 4 5 6 9
5 6 9 7 1 8 2 3 4
8 2 3 4 5 6 9 7 1
4 5 6 9 7 1 8 2 3
9 7 1 8 2 3 4 5 6
0 20538916 0 0 0 20538808 0 0 20555420
3 4 5 6 9 7 1 8 2
6 9 7 1 8 2 3 4 5

2 3 4 5 6 9 7 1 8
7 1 8 2 3 4 5 6 9
5 6 9 7 1 8 2 3 4
9 7 1 8 2 3 4 5 6
8 2 3 4 5 6 9 7 1
4 5 6 9 7 1 8 2 3
6 9 7 1 8 2 3 4 5
3 4 5 6 9 7 1 8 2
0 20538916 0 0 0 20538808 0 0 20555420

2 3 4 5 6 9 7 1 8
7 1 8 2 3 4 5 6 9
5 6 9 7 1 8 2 3 4
9 7 1 8 2 3 4 5 6
8 2 3 4 5 6 9 7 1
4 5 6 9 7 1 8 2 3
6 9 7 1 8 2 3 4 5
0 20538916 0 0 0 20538808 0 0 20555420
3 4 5 6 9 7 1 8 2

2 3 4 5 6 9 7 1 8
7 1 8 2 3 4 5 6 9
5 6 9 7 1 8 2 3 4
9 7 1 8 2 3 4 5 6
8 2 3 4 5 6 9 7 1
4 5 6 9 7 1 8 2 3
3 4 5 6 9 7 1 8 2
6 9 7 1 8 2 3 4 5
0 20538916 0 0 0 20538808 0 0 20555420

2 3 4 5 6 9 7 1 8
7 1 8 2 3 4 5 6 9
5 6 9 7 1 8 2 3 4
9 7 1 8 2 3 4 5 6
8 2 3 4 5 6 9 7 1
4 5 6 9 7 1 8 2 3
3 4 5 6 9 7 1 8 2
0 20538916 0 0 0 20538808 0 0 20555420
6 9 7 1 8 2 3 4 5

2 3 4 5 6 9 7 1 8
7 1 8 2 3 4 5 6 9
5 6 9 7 1 8 2 3 4
9 7 1 8 2 3 4 5 6
8 2 3 4 5 6 9 7 1
4 5 6 9 7 1 8 2 3
0 20538916 0 0 0 20538808 0 0 20555420
6 9 7 1 8 2 3 4 5
3 4 5 6 9 7 1 8 2

2 3 4 5 6 9 7 1 8
7 1 8 2 3 4 5 6 9
5 6 9 7 1 8 2 3 4
9 7 1 8 2 3 4 5 6
8 2 3 4 5 6 9 7 1
4 5 6 9 7 1 8 2 3
0 20538916 0 0 0 20538808 0 0 20555420
3 4 5 6 9 7 1 8 2
6 9 7 1 8 2 3 4 5

2 3 4 5 6 9 7 1 8
7 1 8 2 3 4 5 6 9
5 6 9 7 1 8 2 3 4
9 7 1 8 2 3 4 5 6
4 5 6 9 7 1 8 2 3
8 2 3 4 5 6 9 7 1
6 9 7 1 8 2 3 4 5
3 4 5 6 9 7 1 8 2
0 20538916 0 0 0 20538808 0 0 20555420

2 3 4 5 6 9 7 1 8
7 1 8 2 3 4 5 6 9
5 6 9 7 1 8 2 3 4
9 7 1 8 2 3 4 5 6
4 5 6 9 7 1 8 2 3
8 2 3 4 5 6 9 7 1
6 9 7 1 8 2 3 4 5
0 20538916 0 0 0 20538808 0 0 20555420
3 4 5 6 9 7 1 8 2

2 3 4 5 6 9 7 1 8
7 1 8 2 3 4 5 6 9
5 6 9 7 1 8 2 3 4
9 7 1 8 2 3 4 5 6
4 5 6 9 7 1 8 2 3
8 2 3 4 5 6 9 7 1
3 4 5 6 9 7 1 8 2
6 9 7 1 8 2 3 4 5
0 20538916 0 0 0 20538808 0 0 20555420

2 3 4 5 6 9 7 1 8
7 1 8 2 3 4 5 6 9
5 6 9 7 1 8 2 3 4
9 7 1 8 2 3 4 5 6
4 5 6 9 7 1 8 2 3
8 2 3 4 5 6 9 7 1
3 4 5 6 9 7 1 8 2
0 20538916 0 0 0 20538808 0 0 20555420
6 9 7 1 8 2 3 4 5

2 3 4 5 6 9 7 1 8
7 1 8 2 3 4 5 6 9
5 6 9 7 1 8 2 3 4
9 7 1 8 2 3 4 5 6
4 5 6 9 7 1 8 2 3
8 2 3 4 5 6 9 7 1
0 20538916 0 0 0 20538808 0 0 20555420
6 9 7 1 8 2 3 4 5
3 4 5 6 9 7 1 8 2

2 3 4 5 6 9 7 1 8
7 1 8 2 3 4 5 6 9
5 6 9 7 1 8 2 3 4
9 7 1 8 2 3 4 5 6
4 5 6 9 7 1 8 2 3
8 2 3 4 5 6 9 7 1
0 20538916 0 0 0 20538808 0 0 20555420
3 4 5 6 9 7 1 8 2
6 9 7 1 8 2 3 4 5

2 3 4 5 6 9 7 1 8
7 1 8 2 3 4 5 6 9
5 6 9 7 1 8 2 3 4
4 5 6 9 7 1 8 2 3
8 2 3 4 5 6 9 7 1
9 7 1 8 2 3 4 5 6
6 9 7 1 8 2 3 4 5
3 4 5 6 9 7 1 8 2
0 20538916 0 0 0 20538808 0 0 20555420

2 3 4 5 6 9 7 1 8
7 1 8 2 3 4 5 6 9
5 6 9 7 1 8 2 3 4
4 5 6 9 7 1 8 2 3
8 2 3 4 5 6 9 7 1
9 7 1 8 2 3 4 5 6
6 9 7 1 8 2 3 4 5
0 20538916 0 0 0 20538808 0 0 20555420
3 4 5 6 9 7 1 8 2

2 3 4 5 6 9 7 1 8
7 1 8 2 3 4 5 6 9
5 6 9 7 1 8 2 3 4
4 5 6 9 7 1 8 2 3
8 2 3 4 5 6 9 7 1
9 7 1 8 2 3 4 5 6
3 4 5 6 9 7 1 8 2
6 9 7 1 8 2 3 4 5
0 20538916 0 0 0 20538808 0 0 20555420

2 3 4 5 6 9 7 1 8
7 1 8 2 3 4 5 6 9
5 6 9 7 1 8 2 3 4
4 5 6 9 7 1 8 2 3
8 2 3 4 5 6 9 7 1
9 7 1 8 2 3 4 5 6
3 4 5 6 9 7 1 8 2
0 20538916 0 0 0 20538808 0 0 20555420
6 9 7 1 8 2 3 4 5

2 3 4 5 6 9 7 1 8
7 1 8 2 3 4 5 6 9
5 6 9 7 1 8 2 3 4
4 5 6 9 7 1 8 2 3
8 2 3 4 5 6 9 7 1
9 7 1 8 2 3 4 5 6
0 20538916 0 0 0 20538808 0 0 20555420
6 9 7 1 8 2 3 4 5
3 4 5 6 9 7 1 8 2

2 3 4 5 6 9 7 1 8
7 1 8 2 3 4 5 6 9
5 6 9 7 1 8 2 3 4
4 5 6 9 7 1 8 2 3
8 2 3 4 5 6 9 7 1
9 7 1 8 2 3 4 5 6
0 20538916 0 0 0 20538808 0 0 20555420
3 4 5 6 9 7 1 8 2
6 9 7 1 8 2 3 4 5

2 3 4 5 6 9 7 1 8
7 1 8 2 3 4 5 6 9
5 6 9 7 1 8 2 3 4
4 5 6 9 7 1 8 2 3
9 7 1 8 2 3 4 5 6
8 2 3 4 5 6 9 7 1
6 9 7 1 8 2 3 4 5
3 4 5 6 9 7 1 8 2
0 20538916 0 0 0 20538808 0 0 20555420

2 3 4 5 6 9 7 1 8
7 1 8 2 3 4 5 6 9
5 6 9 7 1 8 2 3 4
4 5 6 9 7 1 8 2 3
9 7 1 8 2 3 4 5 6
8 2 3 4 5 6 9 7 1
6 9 7 1 8 2 3 4 5
0 20538916 0 0 0 20538808 0 0 20555420
3 4 5 6 9 7 1 8 2

2 3 4 5 6 9 7 1 8
7 1 8 2 3 4 5 6 9
5 6 9 7 1 8 2 3 4
4 5 6 9 7 1 8 2 3
9 7 1 8 2 3 4 5 6
8 2 3 4 5 6 9 7 1
3 4 5 6 9 7 1 8 2
6 9 7 1 8 2 3 4 5
0 20538916 0 0 0 20538808 0 0 20555420

2 3 4 5 6 9 7 1 8
7 1 8 2 3 4 5 6 9
5 6 9 7 1 8 2 3 4
4 5 6 9 7 1 8 2 3
9 7 1 8 2 3 4 5 6
8 2 3 4 5 6 9 7 1
3 4 5 6 9 7 1 8 2
0 20538916 0 0 0 20538808 0 0 20555420
6 9 7 1 8 2 3 4 5

2 3 4 5 6 9 7 1 8
7 1 8 2 3 4 5 6 9
5 6 9 7 1 8 2 3 4
4 5 6 9 7 1 8 2 3
9 7 1 8 2 3 4 5 6
8 2 3 4 5 6 9 7 1
0 20538916 0 0 0 20538808 0 0 20555420
6 9 7 1 8 2 3 4 5
3 4 5 6 9 7 1 8 2

2 3 4 5 6 9 7 1 8
7 1 8 2 3 4 5 6 9
5 6 9 7 1 8 2 3 4
4 5 6 9 7 1 8 2 3
9 7 1 8 2 3 4 5 6
8 2 3 4 5 6 9 7 1
0 20538916 0 0 0 20538808 0 0 20555420
3 4 5 6 9 7 1 8 2
6 9 7 1 8 2 3 4 5

2 3 4 5 6 9 7 8 1
7 8 1 2 3 4 5 6 9
5 6 9 7 8 1 2 3 4
1 2 3 4 5 6 9 7 8
9 7 8 1 2 3 4 5 6
4 5 6 9 7 8 1 2 3
8 1 2 3 4 5 6 9 7
6 9 7 8 1 2 3 4 5
3 4 5 6 9 7 8 1 2

2 3 4 5 6 9 7 8 1
7 8 1 2 3 4 5 6 9
5 6 9 7 8 1 2 3 4
1 2 3 4 5 6 9 7 8
9 7 8 1 2 3 4 5 6
4 5 6 9 7 8 1 2 3
8 1 2 3 4 5 6 9 7
3 4 5 6 9 7 8 1 2
6 9 7 8 1 2 3 4 5

2 3 4 5 6 9 7 8 1
7 8 1 2 3 4 5 6 9
5 6 9 7 8 1 2 3 4
1 2 3 4 5 6 9 7 8
9 7 8 1 2 3 4 5 6
4 5 6 9 7 8 1 2 3
6 9 7 8 1 2 3 4 5
8 1 2 3 4 5 6 9 7
3 4 5 6 9 7 8 1 2

2 3 4 5 6 9 7 8 1
7 8 1 2 3 4 5 6 9
5 6 9 7 8 1 2 3 4
1 2 3 4 5 6 9 7 8
9 7 8 1 2 3 4 5 6
4 5 6 9 7 8 1 2 3
6 9 7 8 1 2 3 4 5
3 4 5 6 9 7 8 1 2
8 1 2 3 4 5 6 9 7

2 3 4 5 6 9 7 8 1
7 8 1 2 3 4 5 6 9
5 6 9 7 8 1 2 3 4
1 2 3 4 5 6 9 7 8
9 7 8 1 2 3 4 5 6
4 5 6 9 7 8 1 2 3
3 4 5 6 9 7 8 1 2
8 1 2 3 4 5 6 9 7
6 9 7 8 1 2 3 4 5

2 3 4 5 6 9 7 8 1
7 8 1 2 3 4 5 6 9
5 6 9 7 8 1 2 3 4
1 2 3 4 5 6 9 7 8
9 7 8 1 2 3 4 5 6
4 5 6 9 7 8 1 2 3
3 4 5 6 9 7 8 1 2
6 9 7 8 1 2 3 4 5
8 1 2 3 4 5 6 9 7

2 3 4 5 6 9 7 8 1
7 8 1 2 3 4 5 6 9
5 6 9 7 8 1 2 3 4
1 2 3 4 5 6 9 7 8
4 5 6 9 7 8 1 2 3
9 7 8 1 2 3 4 5 6
6 9 7 8 1 2 3 4 5
3 4 5 6 9 7 8 1 2
0 20538916 0 0 0 20538808 0 0 20555420

2 3 4 5 6 9 7 8 1
7 8 1 2 3 4 5 6 9
5 6 9 7 8 1 2 3 4
1 2 3 4 5 6 9 7 8
4 5 6 9 7 8 1 2 3
9 7 8 1 2 3 4 5 6
6 9 7 8 1 2 3 4 5
0 20538916 0 0 0 20538808 0 0 20555420
3 4 5 6 9 7 8 1 2

2 3 4 5 6 9 7 8 1
7 8 1 2 3 4 5 6 9
5 6 9 7 8 1 2 3 4
1 2 3 4 5 6 9 7 8
4 5 6 9 7 8 1 2 3
9 7 8 1 2 3 4 5 6
3 4 5 6 9 7 8 1 2
6 9 7 8 1 2 3 4 5
0 20538916 0 0 0 20538808 0 0 20555420

2 3 4 5 6 9 7 8 1
7 8 1 2 3 4 5 6 9
5 6 9 7 8 1 2 3 4
1 2 3 4 5 6 9 7 8
4 5 6 9 7 8 1 2 3
9 7 8 1 2 3 4 5 6
3 4 5 6 9 7 8 1 2
0 20538916 0 0 0 20538808 0 0 20555420
6 9 7 8 1 2 3 4 5

2 3 4 5 6 9 7 8 1
7 8 1 2 3 4 5 6 9
5 6 9 7 8 1 2 3 4
1 2 3 4 5 6 9 7 8
4 5 6 9 7 8 1 2 3
9 7 8 1 2 3 4 5 6
0 20538916 0 0 0 20538808 0 0 20555420
6 9 7 8 1 2 3 4 5
3 4 5 6 9 7 8 1 2

2 3 4 5 6 9 7 8 1
7 8 1 2 3 4 5 6 9
5 6 9 7 8 1 2 3 4
1 2 3 4 5 6 9 7 8
4 5 6 9 7 8 1 2 3
9 7 8 1 2 3 4 5 6
0 20538916 0 0 0 20538808 0 0 20555420
3 4 5 6 9 7 8 1 2
6 9 7 8 1 2 3 4 5

2 3 4 5 6 9 7 8 1
7 8 1 2 3 4 5 6 9
5 6 9 7 8 1 2 3 4
9 7 8 1 2 3 4 5 6
1 2 3 4 5 6 9 7 8
4 5 6 9 7 8 1 2 3
6 9 7 8 1 2 3 4 5
3 4 5 6 9 7 8 1 2
0 20538916 0 0 0 20538808 0 0 20555420

2 3 4 5 6 9 7 8 1
7 8 1 2 3 4 5 6 9
5 6 9 7 8 1 2 3 4
9 7 8 1 2 3 4 5 6
1 2 3 4 5 6 9 7 8
4 5 6 9 7 8 1 2 3
6 9 7 8 1 2 3 4 5
0 20538916 0 0 0 20538808 0 0 20555420
3 4 5 6 9 7 8 1 2

2 3 4 5 6 9 7 8 1
7 8 1 2 3 4 5 6 9
5 6 9 7 8 1 2 3 4
9 7 8 1 2 3 4 5 6
1 2 3 4 5 6 9 7 8
4 5 6 9 7 8 1 2 3
3 4 5 6 9 7 8 1 2
6 9 7 8 1 2 3 4 5
0 20538916 0 0 0 20538808 0 0 20555420

2 3 4 5 6 9 7 8 1
7 8 1 2 3 4 5 6 9
5 6 9 7 8 1 2 3 4
9 7 8 1 2 3 4 5 6
1 2 3 4 5 6 9 7 8
4 5 6 9 7 8 1 2 3
3 4 5 6 9 7 8 1 2
0 20538916 0 0 0 20538808 0 0 20555420
6 9 7 8 1 2 3 4 5

2 3 4 5 6 9 7 8 1
7 8 1 2 3 4 5 6 9
5 6 9 7 8 1 2 3 4
9 7 8 1 2 3 4 5 6
1 2 3 4 5 6 9 7 8
4 5 6 9 7 8 1 2 3
0 20538916 0 0 0 20538808 0 0 20555420
6 9 7 8 1 2 3 4 5
3 4 5 6 9 7 8 1 2

2 3 4 5 6 9 7 8 1
7 8 1 2 3 4 5 6 9
5 6 9 7 8 1 2 3 4
9 7 8 1 2 3 4 5 6
1 2 3 4 5 6 9 7 8
4 5 6 9 7 8 1 2 3
0 20538916 0 0 0 20538808 0 0 20555420
3 4 5 6 9 7 8 1 2
6 9 7 8 1 2 3 4 5

2 3 4 5 6 9 7 8 1
7 8 1 2 3 4 5 6 9
5 6 9 7 8 1 2 3 4
9 7 8 1 2 3 4 5 6
4 5 6 9 7 8 1 2 3
1 2 3 4 5 6 9 7 8
6 9 7 8 1 2 3 4 5
3 4 5 6 9 7 8 1 2
0 20538916 0 0 0 20538808 0 0 20555420

2 3 4 5 6 9 7 8 1
7 8 1 2 3 4 5 6 9
5 6 9 7 8 1 2 3 4
9 7 8 1 2 3 4 5 6
4 5 6 9 7 8 1 2 3
1 2 3 4 5 6 9 7 8
6 9 7 8 1 2 3 4 5
0 20538916 0 0 0 20538808 0 0 20555420
3 4 5 6 9 7 8 1 2

2 3 4 5 6 9 7 8 1
7 8 1 2 3 4 5 6 9
5 6 9 7 8 1 2 3 4
9 7 8 1 2 3 4 5 6
4 5 6 9 7 8 1 2 3
1 2 3 4 5 6 9 7 8
3 4 5 6 9 7 8 1 2
6 9 7 8 1 2 3 4 5
0 20538916 0 0 0 20538808 0 0 20555420

2 3 4 5 6 9 7 8 1
7 8 1 2 3 4 5 6 9
5 6 9 7 8 1 2 3 4
9 7 8 1 2 3 4 5 6
4 5 6 9 7 8 1 2 3
1 2 3 4 5 6 9 7 8
3 4 5 6 9 7 8 1 2
0 20538916 0 0 0 20538808 0 0 20555420
6 9 7 8 1 2 3 4 5

2 3 4 5 6 9 7 8 1
7 8 1 2 3 4 5 6 9
5 6 9 7 8 1 2 3 4
9 7 8 1 2 3 4 5 6
4 5 6 9 7 8 1 2 3
1 2 3 4 5 6 9 7 8
0 20538916 0 0 0 20538808 0 0 20555420
6 9 7 8 1 2 3 4 5
3 4 5 6 9 7 8 1 2

2 3 4 5 6 9 7 8 1
7 8 1 2 3 4 5 6 9
5 6 9 7 8 1 2 3 4
9 7 8 1 2 3 4 5 6
4 5 6 9 7 8 1 2 3
1 2 3 4 5 6 9 7 8
0 20538916 0 0 0 20538808 0 0 20555420
3 4 5 6 9 7 8 1 2
6 9 7 8 1 2 3 4 5

2 3 4 5 6 9 7 8 1
7 8 1 2 3 4 5 6 9
5 6 9 7 8 1 2 3 4
4 5 6 9 7 8 1 2 3
1 2 3 4 5 6 9 7 8
9 7 8 1 2 3 4 5 6
6 9 7 8 1 2 3 4 5
3 4 5 6 9 7 8 1 2
0 20538916 0 0 0 20538808 0 0 20555420

2 3 4 5 6 9 7 8 1
7 8 1 2 3 4 5 6 9
5 6 9 7 8 1 2 3 4
4 5 6 9 7 8 1 2 3
1 2 3 4 5 6 9 7 8
9 7 8 1 2 3 4 5 6
6 9 7 8 1 2 3 4 5
0 20538916 0 0 0 20538808 0 0 20555420
3 4 5 6 9 7 8 1 2

2 3 4 5 6 9 7 8 1
7 8 1 2 3 4 5 6 9
5 6 9 7 8 1 2 3 4
4 5 6 9 7 8 1 2 3
1 2 3 4 5 6 9 7 8
9 7 8 1 2 3 4 5 6
3 4 5 6 9 7 8 1 2
6 9 7 8 1 2 3 4 5
0 20538916 0 0 0 20538808 0 0 20555420

2 3 4 5 6 9 7 8 1
7 8 1 2 3 4 5 6 9
5 6 9 7 8 1 2 3 4
4 5 6 9 7 8 1 2 3
1 2 3 4 5 6 9 7 8
9 7 8 1 2 3 4 5 6
3 4 5 6 9 7 8 1 2
0 20538916 0 0 0 20538808 0 0 20555420
6 9 7 8 1 2 3 4 5

2 3 4 5 6 9 7 8 1
7 8 1 2 3 4 5 6 9
5 6 9 7 8 1 2 3 4
4 5 6 9 7 8 1 2 3
1 2 3 4 5 6 9 7 8
9 7 8 1 2 3 4 5 6
0 20538916 0 0 0 20538808 0 0 20555420
6 9 7 8 1 2 3 4 5
3 4 5 6 9 7 8 1 2

2 3 4 5 6 9 7 8 1
7 8 1 2 3 4 5 6 9
5 6 9 7 8 1 2 3 4
4 5 6 9 7 8 1 2 3
1 2 3 4 5 6 9 7 8
9 7 8 1 2 3 4 5 6
0 20538916 0 0 0 20538808 0 0 20555420
3 4 5 6 9 7 8 1 2
6 9 7 8 1 2 3 4 5

2 3 4 5 6 9 7 8 1
7 8 1 2 3 4 5 6 9
5 6 9 7 8 1 2 3 4
4 5 6 9 7 8 1 2 3
9 7 8 1 2 3 4 5 6
1 2 3 4 5 6 9 7 8
6 9 7 8 1 2 3 4 5
3 4 5 6 9 7 8 1 2
0 20538916 0 0 0 20538808 0 0 20555420

2 3 4 5 6 9 7 8 1
7 8 1 2 3 4 5 6 9
5 6 9 7 8 1 2 3 4
4 5 6 9 7 8 1 2 3
9 7 8 1 2 3 4 5 6
1 2 3 4 5 6 9 7 8
6 9 7 8 1 2 3 4 5
0 20538916 0 0 0 20538808 0 0 20555420
3 4 5 6 9 7 8 1 2

2 3 4 5 6 9 7 8 1
7 8 1 2 3 4 5 6 9
5 6 9 7 8 1 2 3 4
4 5 6 9 7 8 1 2 3
9 7 8 1 2 3 4 5 6
1 2 3 4 5 6 9 7 8
3 4 5 6 9 7 8 1 2
6 9 7 8 1 2 3 4 5
0 20538916 0 0 0 20538808 0 0 20555420

2 3 4 5 6 9 7 8 1
7 8 1 2 3 4 5 6 9
5 6 9 7 8 1 2 3 4
4 5 6 9 7 8 1 2 3
9 7 8 1 2 3 4 5 6
1 2 3 4 5 6 9 7 8
3 4 5 6 9 7 8 1 2
0 20538916 0 0 0 20538808 0 0 20555420
6 9 7 8 1 2 3 4 5

2 3 4 5 6 9 7 8 1
7 8 1 2 3 4 5 6 9
5 6 9 7 8 1 2 3 4
4 5 6 9 7 8 1 2 3
9 7 8 1 2 3 4 5 6
1 2 3 4 5 6 9 7 8
0 20538916 0 0 0 20538808 0 0 20555420
6 9 7 8 1 2 3 4 5
3 4 5 6 9 7 8 1 2

2 3 4 5 6 9 7 8 1
7 8 1 2 3 4 5 6 9
5 6 9 7 8 1 2 3 4
4 5 6 9 7 8 1 2 3
9 7 8 1 2 3 4 5 6
1 2 3 4 5 6 9 7 8
0 20538916 0 0 0 20538808 0 0 20555420
3 4 5 6 9 7 8 1 2
6 9 7 8 1 2 3 4 5

2 3 4 5 6 9 8 1 7
8 1 7 2 3 4 5 6 9
5 6 9 8 1 7 2 3 4
7 2 3 4 5 6 9 8 1
9 8 1 7 2 3 4 5 6
4 5 6 9 8 1 7 2 3
1 7 2 3 4 5 6 9 8
6 9 8 1 7 2 3 4 5
3 4 5 6 9 8 1 7 2

2 3 4 5 6 9 8 1 7
8 1 7 2 3 4 5 6 9
5 6 9 8 1 7 2 3 4
7 2 3 4 5 6 9 8 1
9 8 1 7 2 3 4 5 6
4 5 6 9 8 1 7 2 3
1 7 2 3 4 5 6 9 8
3 4 5 6 9 8 1 7 2
6 9 8 1 7 2 3 4 5

2 3 4 5 6 9 8 1 7
8 1 7 2 3 4 5 6 9
5 6 9 8 1 7 2 3 4
7 2 3 4 5 6 9 8 1
9 8 1 7 2 3 4 5 6
4 5 6 9 8 1 7 2 3
6 9 8 1 7 2 3 4 5
1 7 2 3 4 5 6 9 8
3 4 5 6 9 8 1 7 2

2 3 4 5 6 9 8 1 7
8 1 7 2 3 4 5 6 9
5 6 9 8 1 7 2 3 4
7 2 3 4 5 6 9 8 1
9 8 1 7 2 3 4 5 6
4 5 6 9 8 1 7 2 3
6 9 8 1 7 2 3 4 5
3 4 5 6 9 8 1 7 2
1 7 2 3 4 5 6 9 8

2 3 4 5 6 9 8 1 7
8 1 7 2 3 4 5 6 9
5 6 9 8 1 7 2 3 4
7 2 3 4 5 6 9 8 1
9 8 1 7 2 3 4 5 6
4 5 6 9 8 1 7 2 3
3 4 5 6 9 8 1 7 2
1 7 2 3 4 5 6 9 8
6 9 8 1 7 2 3 4 5

2 3 4 5 6 9 8 1 7
8 1 7 2 3 4 5 6 9
5 6 9 8 1 7 2 3 4
7 2 3 4 5 6 9 8 1
9 8 1 7 2 3 4 5 6
4 5 6 9 8 1 7 2 3
3 4 5 6 9 8 1 7 2
6 9 8 1 7 2 3 4 5
1 7 2 3 4 5 6 9 8

2 3 4 5 6 9 8 1 7
8 1 7 2 3 4 5 6 9
5 6 9 8 1 7 2 3 4
7 2 3 4 5 6 9 8 1
4 5 6 9 8 1 7 2 3
9 8 1 7 2 3 4 5 6
6 9 8 1 7 2 3 4 5
3 4 5 6 9 8 1 7 2
0 20538916 0 0 0 20538808 0 0 20555420

2 3 4 5 6 9 8 1 7
8 1 7 2 3 4 5 6 9
5 6 9 8 1 7 2 3 4
7 2 3 4 5 6 9 8 1
4 5 6 9 8 1 7 2 3
9 8 1 7 2 3 4 5 6
6 9 8 1 7 2 3 4 5
0 20538916 0 0 0 20538808 0 0 20555420
3 4 5 6 9 8 1 7 2

2 3 4 5 6 9 8 1 7
8 1 7 2 3 4 5 6 9
5 6 9 8 1 7 2 3 4
7 2 3 4 5 6 9 8 1
4 5 6 9 8 1 7 2 3
9 8 1 7 2 3 4 5 6
3 4 5 6 9 8 1 7 2
6 9 8 1 7 2 3 4 5
0 20538916 0 0 0 20538808 0 0 20555420

2 3 4 5 6 9 8 1 7
8 1 7 2 3 4 5 6 9
5 6 9 8 1 7 2 3 4
7 2 3 4 5 6 9 8 1
4 5 6 9 8 1 7 2 3
9 8 1 7 2 3 4 5 6
3 4 5 6 9 8 1 7 2
0 20538916 0 0 0 20538808 0 0 20555420
6 9 8 1 7 2 3 4 5

2 3 4 5 6 9 8 1 7
8 1 7 2 3 4 5 6 9
5 6 9 8 1 7 2 3 4
7 2 3 4 5 6 9 8 1
4 5 6 9 8 1 7 2 3
9 8 1 7 2 3 4 5 6
0 20538916 0 0 0 20538808 0 0 20555420
6 9 8 1 7 2 3 4 5
3 4 5 6 9 8 1 7 2

2 3 4 5 6 9 8 1 7
8 1 7 2 3 4 5 6 9
5 6 9 8 1 7 2 3 4
7 2 3 4 5 6 9 8 1
4 5 6 9 8 1 7 2 3
9 8 1 7 2 3 4 5 6
0 20538916 0 0 0 20538808 0 0 20555420
3 4 5 6 9 8 1 7 2
6 9 8 1 7 2 3 4 5

2 3 4 5 6 9 8 1 7
8 1 7 2 3 4 5 6 9
5 6 9 8 1 7 2 3 4
9 8 1 7 2 3 4 5 6
7 2 3 4 5 6 9 8 1
4 5 6 9 8 1 7 2 3
6 9 8 1 7 2 3 4 5
3 4 5 6 9 8 1 7 2
0 20538916 0 0 0 20538808 0 0 20555420

2 3 4 5 6 9 8 1 7
8 1 7 2 3 4 5 6 9
5 6 9 8 1 7 2 3 4
9 8 1 7 2 3 4 5 6
7 2 3 4 5 6 9 8 1
4 5 6 9 8 1 7 2 3
6 9 8 1 7 2 3 4 5
0 20538916 0 0 0 20538808 0 0 20555420
3 4 5 6 9 8 1 7 2

2 3 4 5 6 9 8 1 7
8 1 7 2 3 4 5 6 9
5 6 9 8 1 7 2 3 4
9 8 1 7 2 3 4 5 6
7 2 3 4 5 6 9 8 1
4 5 6 9 8 1 7 2 3
3 4 5 6 9 8 1 7 2
6 9 8 1 7 2 3 4 5
0 20538916 0 0 0 20538808 0 0 20555420

2 3 4 5 6 9 8 1 7
8 1 7 2 3 4 5 6 9
5 6 9 8 1 7 2 3 4
9 8 1 7 2 3 4 5 6
7 2 3 4 5 6 9 8 1
4 5 6 9 8 1 7 2 3
3 4 5 6 9 8 1 7 2
0 20538916 0 0 0 20538808 0 0 20555420
6 9 8 1 7 2 3 4 5

2 3 4 5 6 9 8 1 7
8 1 7 2 3 4 5 6 9
5 6 9 8 1 7 2 3 4
9 8 1 7 2 3 4 5 6
7 2 3 4 5 6 9 8 1
4 5 6 9 8 1 7 2 3
0 20538916 0 0 0 20538808 0 0 20555420
6 9 8 1 7 2 3 4 5
3 4 5 6 9 8 1 7 2

2 3 4 5 6 9 8 1 7
8 1 7 2 3 4 5 6 9
5 6 9 8 1 7 2 3 4
9 8 1 7 2 3 4 5 6
7 2 3 4 5 6 9 8 1
4 5 6 9 8 1 7 2 3
0 20538916 0 0 0 20538808 0 0 20555420
3 4 5 6 9 8 1 7 2
6 9 8 1 7 2 3 4 5

2 3 4 5 6 9 8 1 7
8 1 7 2 3 4 5 6 9
5 6 9 8 1 7 2 3 4
9 8 1 7 2 3 4 5 6
4 5 6 9 8 1 7 2 3
7 2 3 4 5 6 9 8 1
6 9 8 1 7 2 3 4 5
3 4 5 6 9 8 1 7 2
0 20538916 0 0 0 20538808 0 0 20555420

2 3 4 5 6 9 8 1 7
8 1 7 2 3 4 5 6 9
5 6 9 8 1 7 2 3 4
9 8 1 7 2 3 4 5 6
4 5 6 9 8 1 7 2 3
7 2 3 4 5 6 9 8 1
6 9 8 1 7 2 3 4 5
0 20538916 0 0 0 20538808 0 0 20555420
3 4 5 6 9 8 1 7 2

2 3 4 5 6 9 8 1 7
8 1 7 2 3 4 5 6 9
5 6 9 8 1 7 2 3 4
9 8 1 7 2 3 4 5 6
4 5 6 9 8 1 7 2 3
7 2 3 4 5 6 9 8 1
3 4 5 6 9 8 1 7 2
6 9 8 1 7 2 3 4 5
0 20538916 0 0 0 20538808 0 0 20555420

2 3 4 5 6 9 8 1 7
8 1 7 2 3 4 5 6 9
5 6 9 8 1 7 2 3 4
9 8 1 7 2 3 4 5 6
4 5 6 9 8 1 7 2 3
7 2 3 4 5 6 9 8 1
3 4 5 6 9 8 1 7 2
0 20538916 0 0 0 20538808 0 0 20555420
6 9 8 1 7 2 3 4 5

2 3 4 5 6 9 8 1 7
8 1 7 2 3 4 5 6 9
5 6 9 8 1 7 2 3 4
9 8 1 7 2 3 4 5 6
4 5 6 9 8 1 7 2 3
7 2 3 4 5 6 9 8 1
0 20538916 0 0 0 20538808 0 0 20555420
6 9 8 1 7 2 3 4 5
3 4 5 6 9 8 1 7 2

2 3 4 5 6 9 8 1 7
8 1 7 2 3 4 5 6 9
5 6 9 8 1 7 2 3 4
9 8 1 7 2 3 4 5 6
4 5 6 9 8 1 7 2 3
7 2 3 4 5 6 9 8 1
0 20538916 0 0 0 20538808 0 0 20555420
3 4 5 6 9 8 1 7 2
6 9 8 1 7 2 3 4 5

2 3 4 5 6 9 8 1 7
8 1 7 2 3 4 5 6 9
5 6 9 8 1 7 2 3 4
4 5 6 9 8 1 7 2 3
7 2 3 4 5 6 9 8 1
9 8 1 7 2 3 4 5 6
6 9 8 1 7 2 3 4 5
3 4 5 6 9 8 1 7 2
0 20538916 0 0 0 20538808 0 0 20555420

2 3 4 5 6 9 8 1 7
8 1 7 2 3 4 5 6 9
5 6 9 8 1 7 2 3 4
4 5 6 9 8 1 7 2 3
7 2 3 4 5 6 9 8 1
9 8 1 7 2 3 4 5 6
6 9 8 1 7 2 3 4 5
0 20538916 0 0 0 20538808 0 0 20555420
3 4 5 6 9 8 1 7 2

2 3 4 5 6 9 8 1 7
8 1 7 2 3 4 5 6 9
5 6 9 8 1 7 2 3 4
4 5 6 9 8 1 7 2 3
7 2 3 4 5 6 9 8 1
9 8 1 7 2 3 4 5 6
3 4 5 6 9 8 1 7 2
6 9 8 1 7 2 3 4 5
0 20538916 0 0 0 20538808 0 0 20555420

2 3 4 5 6 9 8 1 7
8 1 7 2 3 4 5 6 9
5 6 9 8 1 7 2 3 4
4 5 6 9 8 1 7 2 3
7 2 3 4 5 6 9 8 1
9 8 1 7 2 3 4 5 6
3 4 5 6 9 8 1 7 2
0 20538916 0 0 0 20538808 0 0 20555420
6 9 8 1 7 2 3 4 5

2 3 4 5 6 9 8 1 7
8 1 7 2 3 4 5 6 9
5 6 9 8 1 7 2 3 4
4 5 6 9 8 1 7 2 3
7 2 3 4 5 6 9 8 1
9 8 1 7 2 3 4 5 6
0 20538916 0 0 0 20538808 0 0 20555420
6 9 8 1 7 2 3 4 5
3 4 5 6 9 8 1 7 2

2 3 4 5 6 9 8 1 7
8 1 7 2 3 4 5 6 9
5 6 9 8 1 7 2 3 4
4 5 6 9 8 1 7 2 3
7 2 3 4 5 6 9 8 1
9 8 1 7 2 3 4 5 6
0 20538916 0 0 0 20538808 0 0 20555420
3 4 5 6 9 8 1 7 2
6 9 8 1 7 2 3 4 5

2 3 4 5 6 9 8 1 7
8 1 7 2 3 4 5 6 9
5 6 9 8 1 7 2 3 4
4 5 6 9 8 1 7 2 3
9 8 1 7 2 3 4 5 6
7 2 3 4 5 6 9 8 1
6 9 8 1 7 2 3 4 5
3 4 5 6 9 8 1 7 2
0 20538916 0 0 0 20538808 0 0 20555420

2 3 4 5 6 9 8 1 7
8 1 7 2 3 4 5 6 9
5 6 9 8 1 7 2 3 4
4 5 6 9 8 1 7 2 3
9 8 1 7 2 3 4 5 6
7 2 3 4 5 6 9 8 1
6 9 8 1 7 2 3 4 5
0 20538916 0 0 0 20538808 0 0 20555420
3 4 5 6 9 8 1 7 2

